2496 0
2495 0
2496 0
2496 0
2496 0
2496 0
2496 0
2495 0
2496 0
2496 0
2495 0
2495 0
2496 0
2496 0
2496 0
2496 0
2496 0
2496 0
2496 0
2496 0
2496 0
2496 0
2496 0
2496 0
2496 0
2495 0
2496 0
2496 0
2496 0
2496 0
2496 0
2496 0
2496 0
2496 0
2496 0
2496 0
2496 0
2496 0
2496 0
2496 0
2496 0
2496 0
2496 0
2496 0
2495 0
2496 0
2496 0
2496 0
2496 0
2496 0
2496 0
2496 0
2496 0
2496 0
2496 0
2496 0
2496 0
2496 0
2496 0
2496 0
2496 0
2496 0
2496 0
2496 0
2496 0
2496 0
2496 0
2496 0
2496 0
2496 0
2496 0
2495 0
2495 0
2496 0
2496 0
2495 0
2495 0
2496 0
2496 0
2496 0
2496 0
2496 0
2496 0
2496 0
2496 0
2496 0
2496 0
2496 0
2496 0
2496 0
2496 0
2496 0
2496 0
2496 0
2496 0
2496 0
2495 0
2496 0
2496 0
2496 0
2496 0
2495 0
2495 0
2496 0
2496 0
2496 0
2496 0
2496 0
2496 0
2496 0
2496 0
2496 0
2496 0
2496 0
2496 0
2496 0
2495 0
2496 0
2496 0
2496 0
2496 0
2496 0
2496 0
2496 0
2496 0
2496 0
2496 0
2496 0
2496 0
2496 0
2496 0
2496 0
2496 0
2496 0
2496 0
2496 0
2496 0
2496 0
2496 0
2496 0
2496 0
2496 0
2496 0
2495 0
2496 0
2496 -15
2496 40
2495 35
2496 31
2496 32
2496 37
2495 33
2496 32
2496 35
2496 35
2496 33
2496 35
2496 37
2496 31
2495 35
2496 37
2495 34
2495 34
2496 35
2496 35
2496 33
2496 37
2496 35
2496 34
2496 31
2496 35
2496 34
2495 33
2495 36
2496 36
2496 30
2496 36
2496 35
2496 34
2496 32
2496 35
2495 33
2496 33
2496 37
2496 35
2496 31
2496 35
2496 33
2496 34
2496 33
2495 35
2496 34
2496 32
2496 38
2496 31
2495 34
2496 35
2496 33
2495 34
2496 32
2496 36
2496 34
2496 32
2496 35
2495 34
2496 32
2496 33
2495 36
2495 32
2496 33
2496 37
2496 32
2496 33
2495 35
2495 36
2496 32
2496 33
2496 36
2496 31
2496 34
2496 35
2496 33
2496 32
2496 35
2496 35
2496 32
2496 34
2496 36
2496 33
2496 33
2496 37
2496 31
2496 34
2496 35
2496 34
2496 32
2496 34
2496 36
2496 34
2496 32
2495 37
2495 32
2496 34
2495 35
2496 34
2496 32
2496 34
2496 36
2496 34
2496 31
2496 38
2496 32
2496 34
2496 35
2496 34
2496 32
2496 34
2496 36
2496 34
2495 32
2496 37
2496 32
2496 34
2495 35
2496 34
2496 32
2496 35
2496 36
2496 34
2496 33
2496 36
2496 32
2496 33
2496 36
2496 34
2495 33
2495 37
2495 35
2496 34
2495 36
2495 35
2495 33
2495 33
2496 37
2496 32
2496 35
2496 35
2496 35
2496 32
2495 34
2496 35
2495 34
2495 33
2495 37
2495 34
2495 31
2495 36
2495 34
2495 32
2495 -5
2496 -26
2496 -34
2496 3
2496 -3
2496 8
2495 0
2496 -1
2496 0
2496 0
2495 0
2496 0
2496 0
2496 0
2496 0
2496 0
2496 0
2496 0
2496 0
2496 0
2495 0
2496 0
2496 0
2496 0
2496 0
2496 0
2496 0
2496 0
2495 0
2496 0
2496 0
2496 0
2496 0
2495 0
2496 0
2496 0
2496 0
2496 0
2495 0
2496 0
2496 0
2495 0
2495 0
2495 0
2495 0
2496 0
2495 0
2495 0
2496 0
2496 0
2496 0
2495 0
2496 0
2496 0
2496 0
2496 0
2496 0
2495 0
2495 0
2496 0
2496 0
2496 0
2496 0
2496 0
2496 0
2496 0
2496 0
2496 0
2496 0
2496 0
2496 0
2495 0
2496 0
2495 0
2496 0
2496 0
2495 0
2495 0
2496 0
2496 0
2496 0
2495 0
2495 0
2496 0
2496 0
2496 0
2496 0
2495 0
2496 0
2496 0
2496 0
2495 0
2496 0
2496 0
2496 0
2496 0
2496 0
2496 0
2495 0
2496 0
2495 0
2496 0
2496 0
2495 0
2496 0
2496 0
2496 0
2496 0
2496 0
2496 0
2496 0
2496 0
2496 0
2496 0
2496 0
2496 0
2496 0
2496 0
2495 0
2495 0
2495 0
2496 0
2496 0
2496 0
2496 0
2495 0
2496 0
2496 0
2495 0
2496 0
2495 0
2496 0
2496 0
2495 0
2496 0
2496 0
2496 0
2496 0
2496 0
2495 0
2495 0
2496 0
2496 0
2495 0
2496 0
2496 -45188
2496 -19
2495 -29
2316 -13
2495 35
2164 23
2495 30
2248 34
2495 33
1957 32
2430 33
2213 33
2395 34
2033 26
2207 16
2426 32
2029 26
2168 36
2192 30
1894 28
2458 29
2294 32
2171 26
2030 35
2031 15
2281 36
2316 33
2068 27
1836 19
2264 39
2098 30
2191 26
2146 25
1842 13
2094 36
2175 24
1962 27
1853 21
2247 32
2075 7
2302 40
1778 28
2222 29
980 -21
1788 -17
2266 30
2254 33
2063 33
1200 -25
1997 11
2405 37
2267 32
2365 32
1737 28
2247 30
2173 7
2036 30
2142 33
1180 1
2235 -1
2081 27
1729 29
2125 22
1812 12
1913 14
2255 24
1939 22
1818 29
915 -18
915 -29
2024 -8
2148 32
2139 32
2220 30
2120 31
1975 30
2054 21
2048 26
2020 33
1865 31
1793 0
1688 10
2045 30
2027 20
2057 15
2098 34
1894 25
1875 15
1976 31
2135 20
2032 29
1981 27
1850 28
2137 27
1966 18
2000 22
2026 30
1929 19
1976 20
1932 40
1939 21
1944 29
2033 20
1895 32
2017 19
1952 37
1984 24
1861 24
1876 16
2006 32
1950 29
1876 17
2136 26
1958 18
1945 20
1920 36
1946 19
1970 17
1863 28
2001 25
1928 31
1954 22
1871 22
1987 28
1931 28
1958 29
2060 19
1831 27
1985 24
1945 30
2040 22
1794 29
1858 -4
2206 33
1838 22
1981 18
2072 32
1894 29
1997 14
2024 25
1905 25
1956 25
1904 10
1960 30
2070 24
1997 31
2044 26
2044 7
1874 22
2151 20
1932 26
1919 34
2037 7
1947 33
1916 16
2012 28
1990 25
1975 11
1936 20
1898 25
2107 26
1857 30
2004 7
1883 28
2121 23
1935 26
1849 17
1989 28
2005 24
1839 12
1887 27
2101 24
1974 23
1971 25
1771 32
1982 22
1974 24
2018 22
1805 27
1769 19
1980 27
1938 34
1794 30
1982 25
2018 22
2003 22
2012 29
1857 12
1990 24
1974 24
1945 15
1909 18
1980 19
2011 33
2074 33
1822 19
2027 24
1834 28
1964 16
2076 25
1745 29
1883 27
2019 14
2024 10
1989 32
1766 29
2246 28
1944 3
1978 26
1893 18
1926 25
2294 34
1908 16
1760 19
1922 30
1891 27
1862 3
1989 34
1934 10
1902 27
1947 20
1929 29
1798 30
1980 10
1812 30
1913 15
1930 30
1994 27
1785 21
1999 19
1883 9
2109 34
2045 24
1807 26
1846 24
1998 25
1864 16
1890 25
1909 20
1975 26
1933 26
1917 18
1723 25
2175 20
1963 14
2059 32
1660 19
1979 24
1836 25
2076 26
1863 15
1873 30
2229 27
1987 13
1829 25
2000 17
1995 19
1959 34
2039 25
2012 -3
1942 23
1812 16
2048 27
2047 16
1932 21
1957 25
1957 20
1998 31
2085 25
1770 14
2182 20
2030 29
1947 22
1874 27
1817 15
1812 10
2208 28
1910 20
1919 20
1915 33
1900 16
1950 32
1778 15
2059 33
1965 11
1958 24
1898 12
2338 33
1771 26
1952 34
1798 6
2064 27
1955 14
2207 19
1817 33
1873 21
2009 21
2032 27
1869 13
2283 15
1828 25
2033 11
1907 30
1898 13
1984 25
1767 15
1977 31
2225 22
1866 23
2017 30
1640 17
1998 27
1882 -2
1953 29
1852 19
1980 22
1965 24
1993 21
1814 23
2010 30
1766 3
2057 30
1980 34
1748 9
1970 28
1883 5
2173 31
1806 21
1940 34
1976 8
1890 32
2043 23
1836 7
1901 35
1998 24
2048 34
1890 30
1885 12
1864 27
1909 5
2044 28
1992 8
2051 31
1849 15
2011 33
2060 25
1856 29
1871 14
1962 25
2070 28
1951 13
1870 15
1905 27
1979 17
2063 30
1751 30
1807 28
2070 15
1903 17
1925 19
1973 20
1832 31
1878 19
1879 13
1986 25
2081 23
1910 27
1971 20
1844 13
2148 38
1846 0
1972 32
1805 15
1983 19
2006 28
1820 21
1925 27
1892 14
2071 22
1870 22
2257 26
1714 7
2038 36
1953 7
1911 21
2305 32
1815 14
1934 22
1967 28
2013 17
1998 25
1917 31
1759 20
1907 15
2073 30
1933 21
1897 23
1916 32
1818 20
1988 5
2040 30
2028 30
2025 14
1809 26
2158 21
1910 19
1906 29
2057 11
1921 24
1810 21
2165 35
1828 14
1990 20
2085 26
1864 9
1955 29
1815 22
2036 5
1807 29
2059 6
1988 28
2065 32
1955 18
1845 20
1907 25
1991 6
1983 29
1911 22
1893 13
1901 22
1699 26
2095 24
1880 21
1705 24
1956 24
1995 30
1912 23
1988 15
1843 18
1901 31
1773 20
2291 18
1749 25
1963 26
1869 20
2175 20
1991 38
1884 3
1928 25
1907 23
2085 27
2240 24
1925 29
1761 11
1809 25
1979 28
1798 23
2000 11
1988 37
1984 22
2213 24
1715 12
2051 32
1860 27
2090 13
1862 22
2063 18
1783 21
1896 9
1953 36
2148 28
1809 26
1831 16
1818 10
2173 29
1906 12
1952 33
2092 27
1966 25
1774 16
2079 20
1859 28
1879 19
1987 34
1896 26
1829 9
2044 31
2198 28
1952 12
1955 35
2064 24
1820 15
2095 25
1988 29
1862 20
1895 25
2239 25
1815 21
1965 31
1934 10
1835 34
1895 17
1943 22
2246 30
1848 17
1940 31
2064 15
2112 34
2060 18
1972 15
1772 18
2039 29
2014 30
1850 30
2084 17
1730 10
1922 28
2076 28
1961 25
1813 12
2040 29
1967 19
2135 32
1860 18
1863 13
1921 16
1917 9
1879 33
1972 21
2024 31
1971 30
1939 14
1855 16
1923 19
1878 15
1906 25
1921 8
1940 19
1903 35
1898 19
2053 27
2052 24
2138 33
1875 26
1877 18
1979 16
1907 13
1999 28
1973 25
1980 34
1833 20
1889 18
1908 14
1968 24
1853 30
2030 29
1999 18
2198 27
1860 19
1794 12
1998 21
1898 34
1956 20
1855 15
1858 21
1980 37
2109 18
1976 29
1979 9
1804 25
1886 21
1978 34
1983 10
1818 33
1907 8
2008 30
1811 11
1960 16
2170 37
1867 15
1866 31
2098 19
1834 18
1895 37
1834 7
2196 33
2090 5
1778 24
1952 33
2153 13
1792 19
2008 32
1791 7
2087 32
2047 14
1933 22
2074 24
1945 12
1956 29
1968 27
1859 33
1921 25
2010 9
1908 32
2214 17
1888 22
2009 22
1822 10
1893 24
1980 31
1961 4
1938 30
1925 15
1878 20
2019 27
1933 21
2007 32
1908 3
1920 17
2055 36
1943 12
1966 31
1924 23
1953 31
1967 30
1818 26
1978 26
1839 23
1841 11
1881 27
1897 7
1842 25
1980 26
2063 33
1880 5
2055 28
1978 8
1955 25
1872 37
2027 27
1753 14
1862 16
1988 31
1872 30
1797 21
2039 24
1819 17
1967 29
2035 24
1782 20
1961 24
1924 21
1901 24
2055 22
1838 26
1960 31
2013 24
2104 24
1778 1
2008 28
1959 26
1842 20
1965 17
1962 37
1814 20
2017 25
2287 20
1977 29
1945 21
1885 30
2062 21
1870 34
2166 7
1853 12
1996 19
1867 17
2064 23
1986 28
1939 1
2114 31
1868 11
1789 22
1962 21
1933 26
2077 27
1681 6
2015 29
1832 24
1912 31
2097 21
1890 7
1815 30
2010 32
2047 21
1878 33
2121 13
1736 26
2023 22
1802 14
1945 19
2149 16
1872 16
1995 27
1867 31
1975 8
1968 29
1939 18
1906 34
1965 24
1897 22
2024 27
1862 26
2169 20
1791 10
1923 24
2175 28
1881 30
1765 19
2031 25
1971 18
1889 31
1968 10
1904 34
1984 22
1870 17
1846 19
1986 24
1902 24
1982 28
1874 13
2254 33
1817 31
2041 24
2174 30
2049 26
1793 10
1839 7
1834 33
2142 25
1792 17
2002 11
1815 19
1944 25
2018 30
1974 32
1823 18
2039 22
1849 16
2254 23
1940 19
1885 9
2004 32
1883 26
2064 19
2126 32
1862 4
1927 31
1903 20
1943 29
2206 13
1816 24
1808 17
2050 22
2099 35
2039 26
1905 34
2018 7
1808 33
2035 15
1695 13
2413 27
1860 23
1814 26
2059 7
1944 33
1877 15
2097 19
1875 27
2199 24
1834 31
1936 25
1865 9
1965 37
2125 25
2019 22
1899 14
1947 28
1946 20
2043 29
1943 27
1919 23
2054 1
1852 31
2005 21
1867 28
1854 12
1970 28
1910 29
2068 2
1936 41
2094 17
2125 32
2201 18
1799 17
1891 14
2014 24
1929 20
2107 15
1888 25
1943 17
1955 20
1969 30
1885 29
1809 1
1961 33
2179 17
1924 21
1882 27
1931 12
2044 36
2057 24
2193 28
1971 6
1994 34
1862 11
1759 5
2076 33
1880 27
1893 19
1909 23
2004 18
1884 16
1930 21
1948 13
1825 29
2006 11
1902 20
1870 22
1848 12
2131 24
1998 18
2149 30
1934 28
1889 21
1939 20
1918 24
1914 19
2237 21
1823 13
1880 20
1936 33
2017 11
1980 35
2002 22
1996 21
1925 8
1828 24
1984 23
1938 25
1806 19
1950 21
1857 6
2031 30
2274 19
1854 31
1991 26
2099 23
1921 22
2002 26
1988 22
1775 26
1884 7
1770 28
2089 25
1944 4
1924 30
1901 29
2117 7
1956 30
2157 19
1982 17
1943 20
1982 19
2014 34
2063 32
1859 23
1966 15
1895 21
2005 29
1860 26
1961 19
2018 40
2021 18
2013 34
1936 14
1900 29
1890 19
1953 24
2102 28
1821 29
2109 23
1818 10
1918 20
1823 26
2025 18
2029 25
1956 32
1958 17
1828 18
1973 16
2015 35
2016 26
1811 19
2026 30
1973 16
2150 20
1782 19
1866 17
1882 20
2027 13
1919 33
1961 12
1783 26
1902 20
1972 29
1941 25
1852 27
1955 19
1858 24
1936 17
2048 36
1931 26
1975 26
1863 25
1951 23
1974 13
1831 20
1934 30
2030 34
1698 28
1836 0
2136 30
1928 17
2043 26
1863 14
1988 35
1963 21
1968 24
1967 33
1957 17
2032 16
2017 31
1991 17
1901 17
1793 30
2158 30
1745 14
2055 29
1836 26
2041 5
1889 30
2007 27
1762 19
2096 30
1987 29
1834 30
1896 5
1956 25
2063 6
1879 32
1699 20
1965 34
1777 3
2021 16
1891 15
1976 24
2053 23
2057 32
1988 26
1850 32
2100 17
1937 28
1891 14
1950 19
1781 10
1935 22
2053 22
1958 26
1955 29
1962 26
1977 28
1970 27
2038 20
1879 20
1912 29
1925 11
2030 27
1850 18
2088 21
1972 29
2059 16
1947 24
1804 18
1939 23
2077 26
1826 22
2304 29
1988 16
1696 16
2024 15
1912 34
1998 15
1840 29
1823 13
2049 23
1834 17
1885 29
2024 30
1918 26
1988 14
1952 25
1926 17
2033 22
1775 33
1954 19
1836 13
2026 23
1890 26
1802 26
1892 21
2161 32
1948 22
1917 21
1858 19
1920 18
1953 27
1834 35
2078 20
1910 31
1905 20
1951 22
2040 18
1988 25
1916 31
2080 0
1986 32
1835 16
2166 32
1891 10
1999 32
1977 26
1985 20
1986 27
1930 23
1968 18
1959 31
1794 23
1973 23
1930 28
1990 23
1987 22
2014 33
1832 13
1882 21
1827 31
2079 25
1706 29
1995 26
1979 16
1847 28
1939 10
1914 20
1987 28
1877 23
1920 9
1998 25
1937 35
2050 18
1906 27
1887 17
2083 21
1879 5
1941 35
1867 15
2056 7
1879 20
2020 24
1994 24
1908 37
1924 22
1905 14
2049 31
1775 23
1852 8
2128 33
1917 16
2008 29
1969 11
1942 29
2026 18
1952 23
1942 30
2146 28
1986 21
1835 24
2112 16
2061 23
1787 19
2380 20
1783 24
1809 22
2013 26
1887 22
2087 24
1877 28
1900 27
1958 8
1916 32
1893 12
1837 35
1856 32
1986 -4
1970 21
2317 18
1969 24
1859 28
1892 17
1867 4
2046 34
1899 13
1881 38
2004 19
1861 4
1912 29
2032 30
1908 20
1971 22
1882 29
1887 20
1887 30
1968 17
2085 22
2004 30
1926 30
1839 16
2075 35
1915 14
1990 27
1765 28
1936 17
1957 27
1864 7
2012 27
2030 22
1875 13
1932 27
1951 35
1954 15
1831 13
1931 32
1921 16
2072 20
1814 21
1912 34
2167 25
1838 34
1890 15
2020 25
1905 26
2031 20
1823 9
1928 29
1919 27
1810 25
1873 11
1912 19
1931 21
2080 28
1977 14
2121 31
1838 22
1939 38
1972 20
1717 16
1923 9
1994 29
1917 24
2084 14
1913 34
1939 9
2094 40
1800 28
2043 17
1970 27
1995 28
1806 25
1904 20
2010 21
1874 21
1894 29
2006 24
1901 5
2040 20
2016 28
1981 38
1853 20
1982 20
1945 28
1842 30
1929 22
1953 10
1965 24
1987 24
2033 31
1814 15
2004 22
1892 8
2003 31
1941 31
1938 14
1981 38
1912 13
1901 28
1953 28
1975 22
1790 21
2037 34
1918 6
1872 16
1816 13
2003 35
1896 5
2036 31
1882 21
1865 14
1932 28
1894 17
2041 8
1999 32
1877 25
2010 24
2020 15
1791 33
2095 27
1878 15
2018 10
1935 30
1912 23
1989 24
1815 16
2018 27
1841 16
1951 35
1855 34
1915 15
1794 22
2080 19
1850 19
1945 34
1836 12
1903 21
2107 33
1900 15
1922 35
1938 7
2045 34
1789 29
2135 1
2036 24
1828 16
1967 14
1962 36
2003 20
1891 21
1958 31
2054 27
1948 21
1921 25
2117 6
1928 24
2009 25
2103 27
1801 27
1811 14
2094 26
1843 14
1803 18
2029 29
1869 25
1961 20
1994 29
2054 18
1915 23
1827 25
1960 18
1748 16
1872 25
1817 5
2314 29
2063 29
1817 23
2027 25
1870 34
1784 21
2028 14
1874 20
1890 20
1980 20
2022 20
1871 20
1919 27
1956 28
1893 11
1930 25
2087 21
2007 17
1856 27
1866 23
2166 26
1932 14
1996 28
2298 33
1788 5
1925 10
2043 31
1841 20
1998 32
1985 31
1763 10
1943 27
1951 31
1890 1
1989 33
1758 5
1895 24
2140 28
1849 21
1929 31
2009 20
1919 21
1955 36
1910 32
1913 30
1821 -4
2161 26
1893 22
1948 17
1979 26
1841 16
2028 29
1892 29
1996 18
1903 22
1891 21
2093 25
1797 20
1984 30
1970 10
2050 34
1964 24
1815 26
2001 17
1885 19
1861 18
1935 16
2041 11
1918 29
2004 33
1836 19
1983 14
2104 34
1889 21
1931 13
2010 28
1961 27
1964 27
1876 19
2034 38
1934 27
1785 5
1960 23
2052 7
2059 24
1614 29
1954 -7
1974 16
2085 21
2035 21
1978 27
1936 36
1919 18
1793 21
1925 19
2011 30
1791 25
2053 15
1888 26
1980 26
2047 24
1979 9
2049 35
1918 25
1862 28
1936 20
1889 14
1952 33
1949 25
1902 5
1958 30
1965 16
1936 29
1854 17
1844 28
2034 22
1913 8
1954 33
1990 23
1830 20
1990 15
1941 25
1909 20
2015 17
1956 28
2014 25
1868 30
1935 14
1995 26
1890 31
1976 23
2055 14
1880 33
1958 23
1843 24
1992 18
2088 22
1932 29
1871 16
1995 27
1791 20
1870 19
1870 16
1937 26
1868 20
1971 29
1947 14
1989 26
2131 33
1809 19
1926 19
2105 26
1911 9
1899 38
2110 26
1945 15
1696 16
1918 24
1993 28
1953 19
1947 12
1772 15
1890 29
1973 8
1908 29
1881 34
1922 15
1865 16
1820 23
2134 21
1919 16
1980 35
1816 19
1969 30
2050 10
1864 24
1891 18
1960 34
1878 26
1842 -3
2098 30
1859 28
1973 15
1806 30
1967 32
1707 -1
1796 29
2265 15
1859 22
1995 13
1784 25
2066 32
1901 6
1951 27
1967 26
1907 29
2103 11
1851 10
2001 31
1962 -4
2129 22
2087 31
1805 24
1913 35
2139 5
1953 27
2008 33
1784 20
1822 16
2153 18
2158 26
1875 21
2072 25
1959 9
1830 25
2117 18
1959 18
1860 0
2061 34
1918 23
1911 26
1910 23
1967 20
2076 29
1906 15
2012 21
1863 20
1909 22
1979 19
1821 8
2035 33
2034 11
1879 22
2004 24
2074 29
1815 11
1997 30
1883 16
1999 25
1882 19
2004 20
1972 24
1880 15
1993 25
2012 30
1539 18
1685 0
1953 14
2002 16
2001 18
2063 15
1870 31
2157 9
2038 28
1889 17
2042 34
1842 17
1934 10
1943 27
1924 33
1891 18
2001 18
1777 14
2077 33
1884 20
1808 18
1944 23
1990 19
1940 20
1933 27
1980 14
1899 34
1883 26
1793 16
2010 29
1859 29
1876 21
1937 24
1913 29
2003 23
1892 14
1903 21
1955 26
1900 31
1999 16
1871 15
2009 20
1902 36
1856 4
1860 26
1905 19
1975 24
1997 22
1972 20
2036 20
1909 29
1810 21
2043 19
1813 31
1894 24
1972 13
1824 14
2077 24
1991 20
1933 34
1971 26
1826 9
1941 16
1926 8
1976 26
1944 29
1979 24
1913 10
1958 29
1924 27
1895 17
2015 10
1940 23
1947 25
1766 13
2106 38
1904 23
1858 12
1983 16
1984 32
2071 13
1834 30
1987 24
2077 12
1865 19
2059 20
1941 25
1861 29
1887 20
1873 30
2125 11
1943 14
1886 29
1914 31
1894 21
2052 21
1907 9
1919 29
1998 31
1998 16
1849 25
2095 20
1948 19
1892 15
1817 11
1929 15
2133 35
1940 4
1934 40
2013 19
1921 16
1910 33
1828 15
1890 6
2042 31
1890 30
1982 6
1943 36
1978 18
1904 19
1985 31
2042 16
1858 13
1877 31
2057 20
1999 23
1933 16
1846 30
2009 27
1978 13
1975 25
1886 21
1739 26
2066 27
1934 21
1957 25
1935 26
1971 11
1973 22
1962 35
1933 21
1826 28
2242 24
1756 20
2089 27
1786 7
2054 34
2005 25
1870 7
1824 33
1985 26
1890 14
1945 16
1952 37
1882 28
1845 5
2023 22
1843 27
1926 25
1981 1
1918 28
2028 20
1953 27
1848 16
1870 31
2001 24
1779 18
2016 22
1944 28
2059 26
1956 19
1942 11
2188 33
1885 16
1972 34
1794 13
1953 31
2131 17
1816 7
2067 33
1955 26
2031 22
1938 31
1939 25
1829 1
1968 33
1952 0
2014 26
2019 18
2007 35
1904 19
1879 29
1971 25
1940 8
1833 27
2025 26
1838 28
1967 23
1932 11
1873 27
2018 20
2043 25
1980 26
1818 13
1971 21
1852 16
2011 30
1896 34
2038 11
1987 23
1804 26
1871 22
1979 24
1949 20
2009 25
2129 30
1716 25
2055 14
1909 30
1765 10
1914 14
1917 7
1987 26
2054 13
1876 25
1932 15
1879 27
2267 19
1994 29
2021 25
1943 23
1993 4
1914 24
1785 11
2077 30
2070 24
1861 19
1960 25
1961 20
1814 26
1927 22
1941 2
1979 27
1903 20
1942 6
2009 27
1900 25
2042 26
1927 32
1924 27
1823 16
1955 24
2136 24
1917 10
2142 33
2019 28
1887 11
2001 40
1871 16
1936 34
1981 13
2042 17
1962 36
2197 23
1872 15
1932 18
1898 24
1968 16
2153 37
1833 12
1798 14
1871 14
2054 20
2176 18
1904 27
1998 15
1899 25
1938 22
2022 18
2027 26
1954 29
1944 15
1847 30
2050 20
1833 26
2010 14
1931 27
1969 23
2082 25
1799 11
2025 20
1918 23
1915 34
1967 18
1997 33
1910 12
1967 30
1851 24
1934 16
2063 27
1972 11
1934 32
1835 21
1967 26
1885 8
2020 26
1909 33
1874 6
2016 26
1956 24
1755 7
2264 27
1878 10
1964 35
1854 22
1947 18
2009 15
1776 31
2014 25
1951 30
1857 5
1922 20
1893 24
2031 26
1985 15
1758 16
2180 24
2101 30
1874 20
1956 30
1944 20
1724 9
2186 19
1906 30
2120 22
1955 24
1973 29
1954 19
1961 8
1894 40
2099 -6
1943 38
1961 12
1961 27
1948 31
1946 22
2017 12
2128 31
1876 12
1942 30
1800 29
1983 5
2007 35
1879 18
1941 14
1877 24
1897 34
1972 22
1822 26
1940 4
2017 19
2027 19
1927 41
2039 23
2036 20
1796 19
1796 14
2011 16
1825 21
1877 29
1912 19
1992 31
1861 21
1948 4
1821 20
2011 24
1962 21
2022 21
2023 20
1970 19
2032 25
2061 30
1842 13
1764 31
1842 1
2113 29
1924 26
1916 22
1979 29
2081 22
1965 20
1802 32
2097 19
1853 9
1946 26
1921 9
1921 22
2060 29
1875 25
1915 14
1998 10
1836 32
2138 4
1830 38
1979 25
2017 22
1925 30
1912 26
2019 28
1689 19
2069 12
1831 16
2007 30
1894 28
1926 26
1891 0
2027 34
951 -18
1013 -33
2142 13
1988 15
1958 38
1999 31
1923 18
916 -17
913 -35
912 -36
1575 -26
2284 30
2225 34
2248 31
2002 33
1985 23
2121 25
1879 39
1983 15
2039 15
1960 21
1980 30
1945 19
1966 6
1983 20
2125 30
1900 34
2025 25
1821 28
1977 20
1901 26
1826 -5
2157 26
2070 29
1933 16
1954 20
2035 35
1938 34
1989 11
1903 26
1964 7
919 -18
1565 -25
2059 25
1991 26
1952 25
1554 19
1711 -24
1959 29
2002 36
2030 34
1933 11
1996 25
2057 28
1945 19
1897 23
1902 31
2054 28
1727 5
2113 8
2010 25
1883 24
1971 33
1975 15
1959 31
1853 24
1955 23
1874 13
1988 21
1886 25
1901 32
2158 16
1814 24
1940 22
1956 10
1892 25
1910 24
2219 20
1973 30
1706 12
2059 26
1961 8
1866 39
2070 20
1766 17
1922 23
1857 25
1881 31
1856 20
2035 19
2039 19
1951 33
1932 20
1825 9
1887 37
2024 7
1892 21
1990 31
1813 19
1990 33
1921 16
1796 10
2078 25
1927 31
1810 20
2030 29
2040 4
1957 27
2000 27
1898 13
1979 16
1944 31
1940 17
1915 25
1797 12
2183 27
1789 12
1981 25
2027 30
2071 29
1981 30
1881 26
1819 15
2016 5
1935 29
1956 27
1997 24
1930 27
1875 22
2012 18
1949 18
1872 29
1871 16
2176 18
2081 26
1854 20
1923 6
2077 29
1880 27
1943 24
2112 8
1936 32
1979 18
1958 24
1764 20
1936 22
2055 12
1905 13
2029 15
2052 24
1988 28
1894 18
1982 30
1971 25
1944 17
1944 23
1909 19
1898 12
2057 30
1748 22
2136 12
1940 30
1813 13
1987 23
1985 20
2124 30
1916 17
1892 19
1935 15
1998 30
1920 18
1955 3
1944 32
1916 24
1853 26
1789 12
2003 35
1975 24
1779 21
2211 24
1994 20
2011 20
1918 23
2110 26
1772 21
2040 -1
1945 17
2198 32
2000 18
1824 15
1909 18
2106 25
1786 28
1950 27
2060 20
1965 29
1893 20
2058 16
1895 13
2101 33
1815 26
1935 11
2014 17
2072 32
1879 33
1933 25
1878 13
2048 29
1847 23
2101 5
2048 32
1953 28
1868 29
1966 15
1903 22
1818 12
1996 28
2034 4
1884 27
1965 13
1989 30
1927 29
1831 23
2126 28
1862 6
1877 34
1906 25
1987 21
1912 0
1935 19
1948 21
1824 14
2165 30
1910 26
1900 24
1899 11
2018 24
1925 11
1869 32
2046 8
2073 33
1843 16
1865 31
1946 18
1996 28
1814 26
2027 22
1890 15
1828 26
2096 14
1960 28
1928 31
2046 15
1959 8
1942 23
2138 20
1722 14
1911 23
2070 9
1992 34
1867 20
1982 16
1950 19
2095 35
1866 21
2094 15
1859 24
1965 36
1940 0
1964 29
1949 25
1867 32
1961 8
1941 33
1980 22
1864 19
1859 21
2009 31
1886 14
2011 10
1812 28
1776 26
1953 -5
1935 34
1904 13
2032 40
1879 27
1840 23
1922 15
1761 3
1973 16
2131 29
2096 25
1821 24
1998 27
1969 20
1968 27
1974 25
2031 8
2129 15
2120 25
1774 25
2153 21
1786 20
1998 29
1876 29
2000 17
1892 19
1926 26
2060 5
1934 26
1939 29
1898 21
1964 18
1999 20
2025 11
1955 34
1866 19
2073 19
1944 25
1804 9
2280 23
1881 15
2089 31
1962 18
2008 22
1990 40
1935 17
1993 24
2006 19
1865 0
1983 38
1864 31
1926 15
1874 16
1845 20
1933 16
1789 23
2138 21
1943 20
1887 14
2025 25
2088 31
1772 5
1978 30
1963 6
2092 38
1722 6
1974 10
2149 35
1908 30
1949 19
1882 3
1838 32
1966 18
2023 12
1940 15
2012 31
1967 20
1973 29
1802 11
1964 23
1861 20
2080 35
1877 22
1834 14
1946 33
1936 27
2050 -6
2097 27
1739 18
2171 23
1814 25
1897 20
2056 24
1920 11
1900 5
1959 23
2057 16
1995 30
1854 32
1965 20
1873 19
2033 28
2088 21
1905 10
1835 35
2032 20
2000 31
1781 -1
2004 20
2068 34
1894 10
2011 16
1906 35
1977 21
1999 19
1876 16
1842 20
1965 33
1966 20
1935 14
2118 28
1921 23
2022 16
2055 39
1862 31
1936 5
1871 24
2048 29
1827 24
2020 19
1959 28
1832 11
1963 21
2024 14
1974 14
2074 15
1946 32
1869 33
2025 10
1857 23
2064 25
1820 16
1817 11
1986 28
1964 32
1996 6
1917 33
1950 4
1985 27
2110 25
1845 11
1999 24
1946 8
1966 26
1862 31
1954 11
2003 20
1816 35
1913 17
2065 16
1934 27
1884 19
1863 20
2071 27
1873 28
1858 19
1887 22
1963 21
1881 6
1984 26
1848 13
1951 21
2026 25
2014 18
1894 20
1906 22
1982 13
1899 34
1932 26
1869 15
1995 30
1975 19
1854 13
1874 31
1955 5
1826 27
2096 8
1986 21
2097 26
1946 30
1997 28
1874 19
1863 12
1872 33
2052 31
1950 1
1928 26
1895 29
1945 30
1884 0
1937 25
2056 26
1916 8
2030 35
1935 12
1892 24
2049 33
1929 28
1953 14
1765 1
2097 31
2057 18
1854 10
1966 35
1914 21
1921 30
1974 26
1834 28
2011 5
1871 25
1886 25
1941 21
2125 28
1945 32
1893 19
1894 24
2051 28
1860 12
1838 17
1989 19
1934 21
1931 30
1826 20
2001 19
1947 25
2048 28
1962 0
2115 37
1897 25
1977 22
2027 15
1841 21
1936 23
1926 12
1897 22
2053 26
2145 32
1857 14
1870 34
1840 1
1975 27
2039 26
1840 32
1682 3
1636 -5
2024 9
1946 18
2002 18
2172 37
1889 18
1995 25
1988 30
1943 15
1907 20
1869 16
2237 19
1758 6
2081 30
1861 28
1862 16
1992 30
1771 13
1914 13
2057 24
1970 17
1908 35
2161 11
1949 26
1803 18
1992 29
1892 14
1870 10
1981 31
1945 24
1974 21
1987 25
2129 24
1720 16
2006 25
1972 19
1984 34
1876 26
1885 20
1986 20
2073 10
1900 10
1961 26
1955 10
1837 11
2047 44
1885 19
1768 17
2110 24
1949 11
1970 33
1851 10
2093 22
1979 33
1958 19
1970 31
1901 14
1867 14
2150 33
1890 34
1851 13
1872 14
2066 13
1946 41
2020 25
1873 24
2037 17
1915 8
1878 21
1922 15
1968 30
2013 19
2007 15
1818 31
1860 8
1952 25
1904 22
1896 25
1930 6
1994 34
1989 28
1906 26
1922 21
2028 17
1922 40
1940 0
1971 8
2114 34
1816 23
1937 33
1934 13
2033 21
1894 16
2041 20
1892 17
2157 33
1825 14
2006 16
1870 18
2078 24
1938 18
1902 20
2021 29
1947 21
1930 10
1882 40
1876 14
2006 17
2007 13
2016 27
1985 30
1976 2
2020 27
2007 31
1853 19
2053 22
1906 18
2002 40
1996 28
1806 2
1931 24
1882 6
1911 20
1942 26
927 -16
952 -26
2275 -9
2165 34
2014 25
1891 27
1896 22
2036 26
1863 25
1960 26
1942 21
1950 11
1978 28
1907 23
2026 29
1913 17
2036 23
1897 32
2109 10
1986 35
1841 23
1981 23
1902 15
1842 26
1909 16
1983 22
1999 35
2033 27
1959 14
1942 28
1943 24
1958 26
1900 16
1925 35
1930 13
2001 8
1943 35
1982 14
1892 33
1880 14
1944 6
2090 29
2005 12
1935 12
1967 23
2118 31
1785 18
1998 27
2167 12
2029 33
1885 10
2024 21
1950 34
1937 1
1811 12
2025 24
1848 12
2013 21
1955 11
2017 29
1789 17
2053 19
1955 11
1856 26
2047 27
1935 6
1865 39
2061 1
1939 25
1917 23
1926 28
1994 30
1835 23
1990 29
1815 25
2033 19
1869 22
2055 25
1919 26
1908 20
1902 24
1952 15
2180 29
1843 19
2169 25
1808 13
1999 31
1805 13
1995 26
1936 32
2056 15
1871 12
2060 27
1938 18
1928 29
1990 20
1899 18
2074 31
1942 17
1989 25
2092 26
2062 23
1975 24
2060 23
1774 18
2161 26
2178 19
2100 27
1805 10
1780 18
2025 32
2102 27
2117 23
1818 5
2078 27
1815 6
1978 23
1936 29
2224 24
1838 21
1958 15
1924 23
1991 21
1877 26
1867 17
2065 32
1999 10
1919 31
1794 1
2111 19
1948 15
1838 32
2148 33
1929 25
2008 15
1934 20
2062 20
1905 27
1900 9
1933 27
1926 17
2083 34
2023 14
1824 9
2047 21
2104 32
1884 16
1935 20
1900 30
1859 13
1958 31
1850 9
2000 16
1874 20
1783 21
1958 24
1915 -1
1880 22
1810 30
1896 14
1883 20
1888 19
1985 18
1941 24
1936 19
2022 15
1875 27
1815 19
1972 13
1927 30
2123 28
1898 14
2199 39
1864 6
1952 17
1910 11
1967 34
2089 21
1830 14
2022 15
1908 17
2048 29
2076 25
1969 31
1943 0
1924 24
1957 23
1449 9
1645 -17
2090 22
1873 19
2150 29
1755 7
907 -20
1864 -16
2264 33
1921 11
2148 23
1998 27
1988 34
2057 21
1856 11
2156 35
2083 33
2077 2
2053 35
1879 25
1980 3
1944 28
1999 28
1155 -8
1972 -7
1949 16
2230 24
1887 20
1823 35
2050 13
2116 31
2014 29
1932 13
1789 11
1957 12
1980 21
1982 26
1869 16
2145 25
1874 14
2013 34
1703 27
2079 12
1865 21
2022 20
2034 34
1757 15
1901 24
1865 8
1929 14
2161 31
1856 5
2072 35
1808 10
1862 21
1841 12
1988 18
1980 33
1860 16
1882 7
1902 27
2023 11
1936 29
1979 30
1940 13
1954 30
1947 33
2077 25
1823 22
1788 14
1885 18
1945 34
1842 24
1871 32
1938 3
1971 32
2131 25
1936 23
1796 7
1946 24
2012 1
2028 20
1862 27
1913 18
1979 17
2079 34
1813 18
2037 20
2012 29
1860 26
1925 28
1800 5
1970 8
1957 25
2080 31
1911 14
1865 17
1934 30
1919 20
2001 28
1985 31
2016 20
1918 14
1854 27
2112 16
1837 16
1876 8
1807 20
2086 28
2036 24
1877 13
1898 26
2041 27
1975 15
1920 35
1979 15
1922 15
1872 9
2105 26
1981 26
2015 12
1936 22
1929 26
1953 11
1934 22
1970 29
2092 19
2041 23
1887 31
1955 16
1922 21
1837 18
1962 19
1940 18
1867 14
1243 -13
1740 -22
2192 33
1999 21
1953 33
1972 16
1931 13
2015 35
1874 31
2096 18
2115 18
1852 35
1906 17
2093 20
2036 29
1927 21
1911 18
1984 28
1807 12
1911 16
1902 8
1947 31
1899 27
2002 16
2085 26
1939 33
1823 19
2045 14
2125 26
1988 28
1901 20
1842 21
2042 10
2022 31
2067 23
1891 25
2018 29
1938 10
1872 23
1914 17
1936 26
2053 17
1450 -8
2000 19
2098 23
1951 20
1928 26
2114 25
2023 9
1802 25
1991 32
1814 9
1989 19
2091 16
1852 34
1938 31
1904 10
2052 28
1831 13
1927 39
1841 19
1896 5
2000 26
1940 28
2092 21
1975 20
1929 27
1850 18
1797 19
2232 24
1962 22
1843 14
1826 13
2031 10
1866 33
1992 18
2009 33
2038 14
2011 34
1874 14
1898 25
2065 21
1918 12
2063 9
1905 26
2174 33
1953 12
1968 22
1846 28
1953 19
1946 26
1986 24
1941 11
1895 19
1971 21
1968 19
1606 11
912 -30
1808 -20
2080 33
2024 25
2019 23
1993 26
2095 31
1861 16
1885 25
2009 25
1729 8
2037 17
1850 8
2058 28
1969 25
1916 16
1889 19
2242 24
1821 24
1995 10
1869 29
2100 27
1723 5
1925 25
1877 6
1963 17
1845 6
1952 21
2035 33
1872 10
1886 16
1884 32
2021 -6
1919 18
1924 22
1840 20
1986 16
2088 38
2035 23
1836 18
1826 12
1925 9
2044 30
1812 16
1863 17
2345 32
1774 20
1900 18
1922 12
1980 25
1910 8
1911 23
1858 5
2081 38
1866 17
1815 11
2012 27
1914 25
1951 16
1866 10
2068 29
1862 25
1973 6
1970 15
1952 31
1900 9
1931 15
1954 38
1908 8
1902 33
2044 29
2031 13
1823 23
1955 26
1887 13
1914 33
1969 -2
2073 25
1863 28
2008 2
1885 21
2042 16
2015 27
2113 27
1977 11
1884 28
1949 14
1934 23
2030 28
1873 18
1955 23
2044 25
1998 0
1984 31
1978 21
1860 16
1876 15
1914 0
2053 29
1965 38
1892 22
1837 25
1987 17
1901 25
1930 1
1965 10
2050 24
1915 35
2008 28
1898 10
1924 16
1952 26
2071 25
1928 26
1906 24
1968 18
2028 21
1905 8
1961 18
1921 20
1823 13
1931 21
2071 31
1865 21
1958 9
1898 13
1938 37
1896 15
1920 20
1884 5
1987 20
1991 28
1989 19
1899 22
2044 26
1799 2
2145 29
1971 24
2024 10
2036 28
2037 21
1983 36
1979 20
1831 21
1938 9
2057 16
1947 19
2013 34
1923 30
1941 11
1816 27
2079 28
1869 10
2022 31
1965 25
1914 22
1874 26
1870 26
1985 12
1908 23
1903 20
1932 32
2124 28
2005 21
1878 25
1959 23
1884 13
1669 19
2043 10
1743 16
2040 34
2246 12
1985 18
1966 35
1787 19
1921 10
1903 17
1892 17
1949 29
1845 13
1884 40
1962 9
1971 33
2288 27
1751 11
1974 29
1908 2
2005 23
1924 27
2065 13
1905 26
2066 29
1861 14
1915 25
1846 13
2051 33
1961 15
1929 14
2041 26
1910 26
2039 27
1915 7
1986 25
1974 -4
2069 26
1986 17
2005 17
1961 11
1950 20
1734 -1
2123 31
1998 21
2023 19
1989 32
1917 12
1850 29
2045 23
1959 8
2030 16
1903 28
1996 26
1831 26
1981 29
1659 10
1580 -26
2066 30
1943 29
1860 13
2046 19
2025 20
1909 17
2063 24
2017 17
1953 36
1967 22
1649 5
1484 -28
2130 27
1966 27
2036 33
2002 29
1868 27
1898 24
1930 10
2038 30
1877 16
1887 30
2147 19
1953 31
1959 9
1856 9
2037 21
1914 32
1915 27
1965 22
2036 21
1941 10
2014 24
1963 17
2043 35
1887 27
1872 30
1999 11
1916 12
1983 21
1931 16
1949 11
1854 20
2026 30
1945 22
1927 23
1911 18
2053 3
1956 20
1942 33
1865 13
2144 22
1894 15
1976 15
1889 20
2003 21
2022 24
2061 16
1914 15
1968 25
2016 15
1960 25
1916 34
1870 25
1932 16
1921 25
1918 1
1953 30
2008 23
1921 12
2070 12
1996 35
1958 27
1939 20
2067 20
1974 20
1889 10
2020 29
1948 27
1964 18
2011 30
1918 6
1851 20
1979 24
1992 30
1995 13
1934 27
1837 30
1891 26
2074 17
1877 -4
2073 37
2189 22
1904 10
1882 30
1899 1
1892 18
2061 38
2177 18
1732 21
1934 18
2068 25
2003 10
1848 18
2088 30
1796 -4
2131 25
2021 22
1941 32
2101 20
1822 17
1937 22
2100 36
1900 8
1846 28
2158 26
1982 3
1974 35
1885 31
1870 9
2046 29
1912 17
1810 7
2090 32
1989 9
1977 31
1929 23
2058 12
1952 20
1969 28
1969 28
1986 4
2061 22
1858 13
2079 17
1959 28
1957 21
1964 24
1980 26
1906 8
1990 14
1995 32
1809 26
1993 19
2019 2
2002 38
2000 26
2086 25
1943 31
1789 29
2009 9
1867 21
1944 21
1799 20
2026 14
1884 15
2034 24
1968 29
1946 3
1904 10
2070 25
1884 23
2089 29
2011 31
1978 22
1963 34
1955 15
2098 20
1957 14
1951 31
1869 14
1851 9
2002 20
1873 21
1949 9
1910 21
1980 11
1987 24
2010 5
2043 30
2035 25
1933 22
1900 20
1935 28
2045 10
1869 23
1983 22
1886 19
1935 21
1942 11
1943 25
1937 15
1918 24
1967 26
1809 9
1944 26
1917 15
1952 23
1910 10
1996 16
1941 22
1707 13
1700 -3
1608 24
1314 -34
1782 14
1591 -19
2044 13
1355 1
1736 15
2016 -15
1156 -4
2017 14
1146 -20
1558 1
1858 -26
1627 28
1700 -18
1437 8
1185 -28
2223 3
2242 32
2110 34
1135 -23
1559 5
1331 -19
1446 -11
1730 -12
2082 25
2155 19
1856 27
908 -30
1816 -9
1406 -19
2091 28
1431 -2
1401 9
910 -32
1626 -16
2166 27
2149 33
2068 36
1806 29
911 -38
1004 -35
1794 13
1960 -15
1138 -17
916 -32
1012 -34
958 -35
1017 -32
1261 -35
1452 -15
1651 -38
1193 -8
1190 -34
994 -31
963 -32
943 -35
914 -35
935 -32
944 -33
965 -36
912 -35
1043 -22
942 -40
923 -33
940 -34
911 -35
910 -33
978 -33
953 -35
962 -35
1241 -22
949 -36
927 -32
961 -34
943 -35
909 -33
910 -33
1007 -35
998 -34
909 -33
912 -33
1111 -34
908 -34
910 -32
913 -35
914 -34
919 -31
911 -35
917 -34
907 -32
910 -34
995 -35
905 -31
905 -34
907 -35
907 -34
906 -32
906 -36
905 -34
904 -31
904 -37
905 -34
902 -32
904 -34
905 -35
904 -31
904 -34
905 -36
907 -34
906 -32
906 -37
907 -34
904 -32
904 -35
905 -35
904 -31
905 -34
906 -35
906 -34
905 -33
906 -37
906 -33
904 -33
904 -35
906 -34
904 -32
904 -34
905 -35
906 -33
904 -33
905 -36
905 -34
903 -33
904 -35
906 -35
904 -32
904 -34
904 -35
905 -31
903 -35
904 -35
905 -34
903 -33
904 -37
905 -33
903 -33
903 -34
905 -35
904 -32
904 -35
905 -35
906 -33
904 -35
905 -35
907 -34
905 -33
906 -37
908 -34
906 -34
904 -35
906 -33
906 -35
904 -36
905 -32
906 -34
904 -35
904 -34
906 -34
905 -34
904 -33
905 -33
905 -35
903 -36
905 -31
906 -33
904 -36
905 -35
906 -32
905 -35
904 -33
905 -34
905 -35
903 -34
904 -34
905 -32
904 -34
904 -35
906 -32
905 -35
904 -35
906 -33
906 -33
903 -34
904 -34
905 -34
903 -32
904 -34
905 -34
904 -32
904 -34
905 -35
905 -31
903 -36
905 -33
905 -32
903 -35
904 -33
905 -33
905 -33
905 -35
906 -32
906 -34
903 -37
905 -32
906 -34
904 -35
904 -33
905 -32
904 -35
904 -35
905 -31
906 -35
904 -35
905 -32
906 -34
904 -37
904 -33
905 -32
904 -36
904 -35
905 -31
905 -34
904 -35
905 -33
906 -33
903 -36
905 -34
906 -33
905 -36
904 -34
905 -32
905 -34
904 -35
905 -31
905 -35
903 -36
904 -33
906 -34
904 -36
904 -32
905 -34
904 -34
904 -35
905 -31
906 -35
903 -35
905 -33
906 -34
904 -36
905 -32
907 -34
905 -35
904 -35
905 -31
905 -35
903 -34
905 -33
906 -35
904 -36
905 -32
905 -35
905 -35
904 -34
904 -34
905 -36
904 -35
905 -32
906 -36
905 -32
905 -35
906 -37
904 -34
905 -34
906 -33
906 -34
904 -33
905 -35
906 -34
904 -32
905 -35
907 -36
905 -33
905 -32
905 -35
906 -34
905 -34
905 -34
906 -33
904 -33
905 -35
906 -35
906 -34
905 -31
907 -35
907 -35
905 -32
906 -34
907 -35
904 -34
905 -32
906 -34
