2495 0
2495 0
2495 0
2495 0
2495 0
2495 0
2495 0
2495 0
2495 0
2495 0
2495 0
2495 0
2495 0
2495 0
2495 0
2495 0
2495 0
2495 0
2495 0
2495 0
2495 0
2495 0
2495 0
2495 0
2495 0
2495 0
2495 0
2495 0
2495 0
2495 0
2495 0
2495 0
2495 0
2495 0
2495 0
2495 0
2495 0
2495 0
2495 0
2495 0
2495 0
2495 0
2495 0
2495 0
2495 0
2495 0
2495 0
2495 0
2495 0
2495 0
2495 0
2495 0
2495 0
2495 0
2495 0
2495 0
2495 0
2495 0
2495 0
2495 0
2495 0
2495 0
2495 0
2494 33
2494 35
2494 34
2494 34
2494 33
2494 35
2494 34
2494 33
2494 33
2494 36
2494 35
2494 32
2494 36
2494 32
2494 34
2494 35
2494 34
2494 34
2494 33
2494 36
2494 34
2494 34
2494 35
2494 32
2494 34
2494 34
2495 35
2494 35
2494 33
2495 34
2494 34
2494 34
2494 35
2494 32
2494 34
2494 34
2495 35
2494 35
2494 33
2495 35
2494 33
2494 34
2494 35
2494 34
2494 33
2494 34
2494 34
2494 36
2494 35
2494 35
2494 36
2494 33
2494 35
2494 35
2494 33
2494 35
2494 35
2494 34
2494 34
2494 34
2494 35
2494 31
2494 35
2494 35
2494 33
2494 35
2494 36
2494 31
2495 35
2494 34
2494 35
2494 32
2494 34
2494 35
2494 31
2494 35
2494 35
2494 33
2494 36
2494 34
2494 35
2494 31
2494 35
2494 -6
2494 107483
2494 -31
2494 -34
2342 -27
2123 -3
1870 0
2450 32
2038 10
2493 32
2066 8
2432 32
2044 20
2252 30
2361 29
2091 4
2088 11
2226 22
2196 37
2085 19
2305 2
2158 34
2192 16
2123 11
2038 6
2432 34
1574 8
2186 -3
2177 11
2008 9
2169 34
2421 18
2137 21
2117 -1
2099 35
2400 8
2146 10
2136 19
2054 22
2458 29
2075 6
2018 15
2194 28
2208 0
1937 12
1982 23
2293 10
2042 6
2128 31
2198 14
2167 25
1870 16
2153 23
1968 6
2325 24
2052 26
1993 7
2247 25
1867 9
2223 25
2146 -7
1952 25
2216 10
2017 15
2056 31
2010 12
2107 29
2169 -6
2455 34
1843 15
1894 -19
2478 39
2237 32
1915 -1
1865 6
2393 22
2151 31
1951 1
2206 33
2077 -7
2034 30
2144 10
1852 12
2334 20
1813 19
2182 30
2150 7
2059 11
1875 8
2355 21
2052 21
2094 26
1986 -16
2422 31
1979 6
2138 28
2092 5
2064 19
2044 21
2320 10
1867 10
2314 19
2157 16
2028 9
2048 27
2292 8
1953 18
2234 29
2074 -6
2131 39
2193 4
1830 8
2253 26
2059 23
1805 -14
2424 30
2081 34
2065 9
2169 23
1882 3
2328 29
2090 6
1919 9
2344 31
2063 3
1940 26
2293 10
2015 23
2133 2
2045 15
2094 31
2050 1
2088 29
2152 23
2067 11
2152 14
1939 20
2161 5
2190 26
1957 24
2303 13
1923 12
2061 23
2192 22
1955 18
2122 5
2058 28
2078 16
1934 0
2437 32
2043 17
1888 0
2346 34
1935 7
2055 4
2079 25
2133 29
2287 17
1957 6
2258 29
2023 8
2058 29
2118 -2
2043 20
2204 29
1946 1
2026 7
2161 28
2072 19
2060 6
2143 22
1975 17
2218 15
1970 14
2102 13
2389 25
1828 19
2317 20
1992 10
2275 31
1953 -1
2158 28
2081 0
2030 28
2269 13
2008 16
1983 13
2315 26
1921 16
2246 12
2019 15
1902 13
2226 20
1925 4
2227 30
1956 15
2164 6
1968 14
2366 27
2108 25
2001 11
1866 -4
2355 21
2154 31
2073 26
1919 -18
2267 25
2163 28
1966 14
2010 21
2123 6
2103 28
2080 6
2136 27
2193 26
1981 1
2222 24
1939 8
2235 27
2007 11
2205 20
2100 16
1895 24
2247 14
2017 8
2050 15
2178 24
2314 23
1907 19
2210 6
2046 25
2121 23
1940 9
2083 30
2121 13
1991 6
2168 14
2129 25
2031 15
1966 12
2384 28
1934 20
1970 5
2251 21
1998 8
2077 28
2039 3
2321 30
2122 16
1923 23
2128 15
1842 11
2386 20
1892 -4
2368 30
1972 20
2010 20
2319 29
1843 4
2053 -6
2179 33
2279 16
1969 14
2213 24
1912 16
2195 12
2092 27
1995 -3
2184 33
2122 0
2060 27
2085 19
2001 -11
2372 32
2137 25
2076 3
2040 12
2403 16
1987 27
2089 0
2132 25
1919 13
2160 -2
2285 30
2144 10
1971 2
2427 32
1862 13
2168 21
2076 4
2221 34
2019 -1
2160 31
2203 -2
1927 22
2211 7
1967 6
2131 35
2044 24
1963 -11
2338 19
2162 24
1936 20
2213 5
2068 29
2011 8
2397 37
1862 10
2199 30
2140 10
1984 12
2042 26
2036 -9
2288 30
2128 24
1941 -2
2365 30
1927 8
2217 27
2037 8
2175 16
2005 15
2044 22
2094 -1
2205 34
2137 10
1847 17
2361 10
2096 10
2121 31
2228 8
1883 13
2203 12
2169 34
2246 25
2125 2
2024 20
1980 20
2081 13
2186 20
2144 7
2233 34
1899 1
2134 13
2174 21
2009 11
2106 -1
2082 29
2124 25
2138 15
2028 12
2040 20
2211 13
2015 11
2187 30
1931 20
2094 5
2156 -1
2335 21
1885 29
2144 0
2097 23
2058 18
2325 30
2011 9
2200 32
2194 3
2003 16
1934 -5
2136 31
2151 8
2116 15
2187 20
2198 27
2082 5
1885 23
2326 1
2115 29
1933 8
2130 3
2029 29
2195 27
2306 4
1921 19
2197 19
2209 6
1909 12
2100 8
2107 31
2362 16
2140 24
1859 1
2110 28
2120 8
2095 13
2272 24
1913 1
2104 25
2192 24
2004 7
2081 24
2130 -6
2250 32
2050 3
1968 25
2130 16
2065 33
1980 -15
2134 30
2164 5
2160 31
2042 6
2193 9
2185 30
1922 3
2117 21
2263 29
2120 2
2112 33
2053 -13
2282 25
2040 20
2251 15
2059 25
2085 -2
1966 18
2314 24
1835 1
2386 14
2071 20
1941 21
2312 9
1918 4
2395 27
1945 20
2370 24
1878 11
2155 14
2170 14
2038 26
2274 4
1952 14
2321 18
2158 28
1855 -9
2065 6
2299 34
2125 20
1894 7
2086 15
2346 14
2063 20
2214 19
2042 8
2203 28
1943 5
2032 2
2195 22
1957 16
1973 3
2322 22
2176 26
1874 18
2056 -9
2363 30
2198 25
1949 9
2176 30
2115 6
1918 15
2049 20
2218 9
2165 34
2108 15
1921 -1
2065 19
2136 -2
2263 27
2223 25
1989 8
2251 35
1969 6
2061 16
1999 7
2101 18
2183 19
2131 29
2234 19
2008 16
2114 28
1804 -32
2312 20
2287 27
2078 13
2181 30
2120 21
1917 -26
2249 33
2063 23
1994 24
2311 17
2097 21
1868 2
2055 17
2208 21
2005 20
2051 3
2146 14
2111 28
2305 12
1805 10
2298 5
2191 34
2071 22
2136 -3
1998 24
2209 3
1998 20
2259 29
2177 7
1783 15
2286 3
2082 25
2075 2
2138 24
2150 9
2186 24
2110 31
2184 3
2043 22
1843 1
2413 23
2074 25
1876 7
2414 25
2032 19
1989 0
2229 8
2004 26
2218 28
1980 11
2130 9
2209 35
1901 -2
2174 28
1975 -20
2379 31
2193 27
1998 10
2058 23
2085 0
1984 18
2235 20
2236 19
1998 27
2030 1
2286 30
1779 7
2156 3
2023 36
2128 15
1918 -9
2207 24
2042 12
2110 28
2150 -4
2037 20
2142 19
1900 16
2081 19
2215 17
2142 20
1897 24
2264 15
1940 8
2428 26
1953 15
2022 11
2069 20
2126 0
1959 21
2376 28
1967 6
2149 31
2094 -12
2049 26
1989 34
2233 -5
2042 23
2159 26
2036 18
2100 -2
2148 14
2164 16
1868 25
2178 -4
2080 25
2228 29
1851 3
2193 23
2092 9
1929 16
2131 2
2186 28
2246 28
2090 12
2053 9
1981 16
2344 19
2133 30
2072 12
1931 -4
2199 33
2176 15
1977 -10
2133 25
2124 24
2045 12
2132 23
1998 10
2234 26
2033 15
2252 7
2018 25
2227 16
1975 7
1860 10
2359 23
1968 10
2311 32
2050 26
2192 -3
2198 22
1982 9
2340 30
1799 -8
2304 33
1985 18
1962 7
2192 1
2105 34
2175 16
1862 15
2156 15
2088 20
2002 21
2267 10
2041 18
2151 11
2177 35
1858 14
2192 32
2203 10
1952 3
1886 7
2011 20
2262 11
2192 32
2155 24
1941 13
2220 28
2028 18
2242 20
2209 13
1909 16
2313 10
1911 9
2088 -16
2311 37
1965 19
2090 26
1966 -15
2386 33
1992 18
2093 14
2152 23
2071 6
2070 22
2059 18
2009 31
2334 3
2278 32
1914 -5
2099 15
2353 33
1836 1
2254 18
2156 11
2168 23
2124 13
2105 20
2086 1
2337 33
1935 15
2151 13
1863 -3
2401 27
2031 20
1913 15
2253 24
2027 4
1846 -9
2250 32
2186 13
2013 30
2217 19
1951 5
2275 33
2205 28
1867 5
2257 20
2091 -3
2081 30
2128 11
2206 29
2011 9
2358 27
1869 -7
2148 27
2273 -3
2174 40
2121 9
2070 13
2166 22
1938 23
2241 2
2302 31
2107 10
2180 33
2113 -2
1912 24
2075 -12
2363 29
2187 28
2056 22
1989 2
1985 1
2250 31
1983 4
2257 28
2122 8
2217 20
1918 -2
2301 36
1913 10
2137 8
2041 2
2269 33
2112 27
2002 0
2205 34
2070 14
1956 11
2041 16
2050 11
2220 25
2055 -1
2007 26
2349 19
2088 14
2100 7
2053 19
2165 34
2226 1
1994 19
2377 26
1930 9
2088 5
2169 11
2136 34
1951 2
2336 8
2216 26
2090 39
2160 7
2305 18
1799 7
2075 2
2079 22
2302 15
2025 15
2329 34
1954 5
2181 18
2199 17
1999 23
2321 2
1963 22
2260 20
1881 5
2395 27
1995 -6
2242 38
1980 -15
2301 29
1996 11
2072 24
2050 5
2196 31
2228 9
1928 16
2395 10
2017 27
2074 1
2064 39
2020 2
2112 0
2178 28
2133 11
2067 32
1976 0
2258 33
2318 15
1981 17
2076 26
1838 -31
2399 29
2054 20
2141 28
2024 -1
2299 31
2109 7
2031 22
2236 8
1897 12
2348 12
2160 23
2060 29
2167 -2
2125 29
2084 2
2013 26
2269 5
2081 14
2148 35
2038 11
2016 9
2183 20
1875 1
2216 9
2116 19
2178 22
2136 29
2210 0
2028 15
2116 16
1988 10
2312 30
1975 10
2242 20
1969 -7
2191 37
2105 0
1971 22
2207 17
1952 2
2222 16
2063 23
2126 16
2043 10
2110 23
2018 6
2089 29
2246 19
2129 17
1837 5
2099 16
2056 27
2268 1
2081 33
2047 7
2346 25
1967 15
2049 28
2115 7
2059 16
2053 13
2041 8
2108 29
2247 10
2072 29
2018 5
2167 20
2039 24
2223 7
2243 39
1857 -3
2097 14
2128 25
2129 21
2241 17
1999 13
2047 18
2168 25
2288 5
2005 25
1822 -8
2379 18
2068 22
2218 28
1953 -4
2241 26
2025 9
2041 5
2384 29
2072 22
2194 29
2173 9
2159 6
1864 16
2369 18
1925 11
2070 0
2162 29
2059 23
2036 2
2077 26
2170 27
2008 9
2255 9
2165 29
2113 15
2240 21
1857 -7
2297 16
2025 26
1963 -1
2209 26
2043 26
2099 4
1971 12
2340 17
2035 11
2174 28
1939 1
2193 -1
2345 35
1964 19
2053 19
2296 23
1817 5
2262 20
2103 9
1982 23
2253 23
2166 5
2161 36
1992 -16
2299 26
1972 24
2356 10
2066 31
2208 9
1933 21
2124 -4
2202 25
2123 9
2019 14
2089 14
2017 10
2107 31
2052 -5
2118 30
2133 8
2173 20
1991 12
2371 35
1831 8
2108 23
2070 0
2055 9
2007 23
2311 10
2100 19
2222 27
2247 4
2016 17
2043 21
2334 19
1975 10
2226 26
2081 1
1979 3
2288 36
2028 15
2220 22
2227 20
1878 7
2336 30
1912 -5
2066 16
2316 24
2111 29
2124 5
2047 17
2222 23
2071 7
2233 34
2014 1
2002 23
2398 22
2166 7
2028 14
2128 26
2098 -6
2173 34
2178 10
2002 14
2069 24
2026 -2
2194 33
2335 20
1847 -13
2325 18
2061 25
2120 17
1979 -1
2237 25
2072 4
2241 36
2208 14
1910 10
2247 31
2087 -5
1956 12
2335 27
2089 15
2062 19
2225 27
1916 -11
2100 31
2224 -2
2070 31
2191 2
1973 15
2204 27
2274 7
2115 31
2317 8
1904 1
2105 37
2338 8
1974 20
2125 14
1974 -15
2360 37
2222 15
1909 17
2351 28
2009 -4
2199 33
1836 -12
2427 26
2112 30
1932 11
2284 14
1986 21
2155 24
1863 -4
2376 28
2181 22
1788 2
2220 -2
2374 30
1874 13
2042 8
2305 4
2078 26
2122 28
1886 -8
2270 19
2190 23
2001 2
2107 29
2140 30
2128 -5
2307 34
1867 5
2235 31
2033 12
2028 0
2210 39
2150 -4
2190 38
2162 0
2098 27
2255 23
1950 1
2379 28
2176 21
1962 16
2054 -3
2006 29
2142 -12
2164 36
2097 29
2000 -10
2218 30
1980 9
2063 12
2273 25
2030 5
2019 16
2136 4
2167 26
2204 23
1997 14
2385 27
2090 11
1926 8
2203 26
2067 5
2087 13
2209 27
1920 2
2254 15
2213 27
2078 10
2119 28
1962 14
2036 7
2043 20
2043 17
2073 12
2035 14
2121 13
2024 5
2132 15
2140 30
2159 9
2246 37
2040 6
2132 25
1964 10
2156 10
2139 13
2059 24
2154 22
2136 29
2093 6
2086 22
2087 28
2074 -5
2216 24
2170 31
1966 9
2075 14
1909 5
2158 -9
2179 30
2091 4
2114 17
2131 39
2291 20
2031 14
2305 32
1945 -7
2217 29
2068 -3
2003 22
2150 13
2089 7
2213 25
2158 31
2191 22
2021 -4
2265 31
2233 22
1995 11
1969 17
2133 -2
2155 16
2061 19
2179 18
2096 1
2045 6
2318 30
1985 15
2009 15
2125 5
2096 24
2109 16
2100 6
2099 17
2364 23
2070 26
1919 4
2279 13
2111 19
2183 17
2163 28
1988 2
2407 30
1952 17
2060 -2
2370 27
2026 28
2221 20
2135 5
2251 22
2057 29
2220 26
2066 4
2011 5
2213 20
2061 9
2101 11
2098 21
2059 13
2065 -3
2158 29
2122 29
2027 0
2151 22
2112 18
2259 22
1983 -2
2129 12
2176 27
2169 11
2000 9
2104 32
2033 -10
2180 19
2175 13
2120 27
1982 1
2329 26
2043 23
2197 22
1988 7
2158 1
2048 24
2234 22
1945 1
2372 29
2170 23
2068 15
2082 16
2109 7
2179 23
2040 5
2230 20
2085 30
2044 -9
2159 26
2250 28
1983 15
2208 31
2202 5
2016 5
2064 24
2152 1
2172 19
2159 13
2005 4
2382 38
1996 14
2271 31
2060 -4
2213 29
1984 15
2149 -6
2219 31
2221 27
2183 8
2006 20
2284 6
2052 29
2205 16
2146 9
2007 19
2206 9
2124 1
2283 32
2060 10
2004 29
2320 5
2182 20
2042 21
2192 14
1952 2
2224 -1
2361 39
1941 16
2184 20
2162 15
1991 33
2059 -26
2389 27
2265 34
1982 0
2116 26
1993 -8
2375 29
2148 23
1975 0
2299 29
2082 6
1967 27
2214 -6
2090 24
2085 31
2185 -8
2215 39
2080 4
1945 26
2281 5
2106 34
2160 12
1990 11
2293 30
1984 -15
2392 33
2068 29
1989 -1
2142 1
2294 25
1983 11
2339 29
1883 1
2214 0
2205 34
1972 12
2309 11
2033 24
2097 1
2105 32
2109 -2
2056 32
2163 13
2080 18
2081 10
1992 16
2268 2
2235 26
2051 31
2259 6
2031 28
2114 0
2196 26
2152 9
2074 29
1995 -6
2169 28
2182 -13
2291 37
1919 7
2249 29
2131 10
1960 16
2219 12
2080 21
2086 18
2202 8
2014 14
2079 0
2192 32
2098 12
2345 15
2140 18
2005 17
2201 6
2122 31
1940 -28
2392 27
2115 25
2101 24
2138 -6
2186 26
2048 29
1976 11
2155 8
2109 8
2282 35
2016 12
2103 26
2068 5
2128 11
2022 9
2248 27
2101 25
2128 -3
2063 3
2104 26
2071 29
2098 1
2108 7
2174 31
2045 9
2065 22
2175 18
2114 11
2057 14
2155 15
2145 26
2029 22
2221 -4
2174 36
2035 26
2033 -5
2105 19
2098 7
2205 33
1970 6
2249 25
2158 23
1978 6
2072 25
2100 1
2145 26
2028 9
2253 30
2112 14
2015 10
2203 26
2023 0
2165 10
2256 33
2088 17
1993 0
2150 14
2067 17
2159 23
1960 10
2250 6
2310 39
2076 21
2048 2
2159 32
2160 0
1960 20
2104 8
2112 20
2141 12
1965 26
2113 0
2142 28
2204 16
2040 20
2150 15
2080 8
2196 11
1977 17
2141 17
2143 9
2126 14
2139 27
2062 7
2046 12
2202 22
2076 18
2071 6
2170 27
2074 20
2170 16
2072 0
2262 29
2023 5
2240 19
2133 31
1978 7
2182 19
2057 33
2134 -4
2048 27
2259 22
1983 -6
2220 24
2068 10
2202 31
2202 17
2127 20
1916 -14
2263 31
2078 9
2054 21
2231 12
2111 22
2173 24
2012 -10
2177 14
2160 24
2169 22
2098 19
1979 13
2267 17
1973 22
1989 -15
2166 27
2211 15
2079 25
2168 9
2167 32
1954 12
2174 10
2073 17
2032 8
2184 36
1944 -26
2265 27
2324 33
2030 23
2093 21
2108 20
2113 11
2117 25
2222 16
1944 14
2227 0
2257 35
1961 15
2193 10
2125 27
2076 1
2177 12
2058 16
2233 33
2125 6
2129 34
2004 5
2236 16
2004 15
2252 -1
2157 30
2158 7
2057 28
2218 11
2028 19
2177 21
1954 -6
2331 34
2138 21
2023 7
2312 33
1926 4
2168 -4
2264 39
1921 8
2286 5
1995 22
2170 7
2220 18
2059 27
2244 -1
2115 27
2138 23
2136 0
2350 35
2123 25
1921 6
2275 8
2016 23
2046 22
2266 -3
2181 35
1959 21
2129 -7
2078 28
2128 17
2257 0
2123 30
1904 0
2271 24
2141 6
2001 29
2163 0
2138 18
2272 30
2169 9
1879 20
2286 20
2209 19
2040 14
2307 21
1902 15
2189 -4
2258 20
2146 29
2164 24
2095 25
2288 26
1937 -5
2052 0
2267 25
2152 25
2118 6
1976 10
2196 28
1922 -4
2256 14
2173 25
2107 28
2294 17
2081 7
2221 30
2037 0
2252 25
2103 29
2080 3
1945 -2
2413 24
2248 33
2024 12
2009 3
2076 -1
2171 32
2209 16
1999 2
2278 7
2138 22
2054 16
2330 28
1961 3
2181 27
2082 2
2057 23
2038 17
2173 5
2190 27
2129 15
2320 11
2126 22
2354 18
1983 5
2069 26
2354 15
1976 10
2175 5
2108 14
2029 12
2202 19
2109 6
1979 17
2347 25
2126 12
2084 4
2080 15
2177 14
2098 22
2120 25
2052 9
2169 26
2280 14
2089 12
2076 25
2192 15
2013 5
2077 17
2173 23
2218 23
2067 22
2083 -15
2273 29
2055 9
2215 18
2112 17
1928 7
2208 33
2179 6
2124 15
2173 24
2051 5
2156 26
2039 1
2193 18
2140 31
2114 -5
2100 30
2238 34
1960 8
2214 14
2086 3
2116 17
2300 26
1959 19
2168 17
2056 17
2151 26
1966 -8
2194 18
2173 3
2063 33
2105 29
2154 13
2022 1
2291 25
2165 13
2058 12
2190 26
2116 15
2154 13
1972 3
2126 14
2177 14
2147 35
2108 4
2131 20
2302 33
2007 -17
2282 31
2151 19
2055 5
2223 26
2160 19
2073 6
2195 14
2064 12
2123 25
2171 -2
2210 29
2059 2
2187 21
2060 4
2081 9
2014 22
2169 7
2089 15
2152 22
2160 26
2121 14
2186 2
2049 14
2140 18
2064 5
2127 25
2156 29
2196 24
2090 6
2055 22
2169 9
2089 29
1997 -4
2035 20
2197 9
2170 26
2011 14
2073 2
2365 28
2001 5
2274 11
2087 22
2165 18
2242 26
1990 1
2205 26
2041 -5
2082 15
2167 31
2114 -2
2265 34
1963 18
2095 -1
2108 15
2135 23
2121 28
2036 2
2396 23
2090 18
1951 8
2167 8
2229 12
2019 19
2100 6
2093 24
2099 15
2216 -1
2064 27
2128 25
2168 5
2012 21
2198 -1
2169 35
2061 3
2249 36
2116 7
2097 3
2112 10
2226 35
2031 18
2044 8
2107 5
1945 19
2243 -4
2296 35
1996 13
2201 11
2026 8
2099 13
2256 3
2321 32
2015 19
2343 25
2260 16
2010 24
2022 0
2295 30
2290 14
1919 12
2305 20
1950 3
2395 22
2088 25
1951 -6
2183 25
2172 3
2161 27
1967 12
2262 16
1992 16
2198 2
1954 25
2298 9
2135 31
2048 5
2251 29
1990 4
2184 22
2031 6
2208 19
2171 29
2062 7
2121 30
2296 12
2003 28
2082 -20
2183 24
2102 1
2243 33
2044 20
1996 -19
2413 22
2347 28
1846 12
2086 -11
2249 30
2086 10
2200 27
2229 3
1932 13
2249 11
2185 26
1808 11
2308 5
2191 23
2218 34
1932 -5
2237 31
2000 19
2092 27
2131 4
2155 17
2150 7
1888 2
2130 26
2153 0
2063 22
2242 10
2057 25
2049 20
2070 -2
2163 30
2131 9
2023 14
2028 14
2287 16
2142 25
1982 19
1922 -20
2201 27
2108 20
2091 18
2164 10
2040 22
2180 8
2116 11
2061 9
2061 0
2323 20
2194 27
1987 20
2249 4
2106 14
2125 21
2131 2
2177 8
2159 24
2244 31
2006 9
2173 20
2259 26
1975 -8
2131 29
2164 -7
2310 32
1974 21
2148 -2
2131 34
2074 20
2051 -12
2278 32
1992 23
2151 -13
2241 36
2082 10
2045 10
2087 9
2131 14
2165 11
2028 11
2189 3
2209 32
2061 21
2181 -6
2310 34
2040 10
2047 2
2139 19
2035 2
2285 24
2014 10
2123 26
2100 25
2081 -12
2345 26
2064 26
2191 18
2257 9
1938 22
2230 18
2110 6
2150 20
1998 33
2035 -13
2288 29
2235 30
2016 4
2157 24
2066 2
1935 1
2253 29
2143 19
2002 18
2130 -1
2352 34
1986 13
2366 27
1975 12
2057 1
2198 17
2117 11
2106 24
2125 6
2001 20
2064 1
2215 24
2278 24
1988 -6
2024 30
2364 25
1965 11
2119 0
2179 31
2147 8
2082 6
2159 22
2339 29
1988 10
2263 19
2082 6
2051 0
2126 25
2152 -1
2140 26
2137 -2
2356 35
1942 1
2221 16
2128 34
2017 -18
2235 34
2108 11
2199 27
2037 9
2079 -2
2182 25
2144 14
2153 15
2134 7
2234 29
1913 -10
2358 26
2081 22
2147 11
2094 12
2089 11
2230 12
2098 24
2131 14
2146 29
2046 0
2243 18
2004 14
2196 8
2165 24
2140 3
2109 17
2311 32
2049 -2
2141 2
2199 21
2175 24
1999 -1
2043 29
2226 19
2171 18
2137 18
2035 29
2210 0
2185 37
2021 3
2002 2
2276 29
2082 16
2198 19
1996 6
2311 28
2018 -12
2220 37
2072 -14
2136 25
2012 3
2157 3
2088 10
2144 17
2200 9
2228 25
1993 22
2148 0
2205 26
2075 6
2172 34
2072 0
2088 9
2202 27
2087 18
2271 29
2158 -8
2069 26
2208 13
2098 8
2237 37
2062 10
2065 17
2262 3
2100 25
2127 21
2117 14
2001 -8
2248 28
2168 16
2083 4
2164 21
2264 10
2039 21
2290 19
2125 10
1995 20
2242 0
2226 25
2036 7
2239 15
2021 21
2174 -16
2264 38
2181 23
2104 21
2124 25
2049 -9
2152 13
2171 30
2088 6
1972 26
2214 -10
2165 29
2167 1
2133 33
2179 7
2027 15
2124 -7
2170 26
2223 -1
2153 31
2029 1
2242 34
2306 15
2025 16
2303 26
1957 -10
2367 33
2053 21
1971 -25
2253 34
2065 22
2152 18
2119 11
2207 25
2092 11
2157 13
2113 27
2032 -9
2216 32
2104 1
2177 32
2191 19
1992 -9
2260 26
2173 6
2070 30
2027 17
2279 8
2084 16
2232 29
2076 3
2036 2
2100 15
2240 25
2060 7
2306 19
2097 34
2059 1
2046 20
2196 9
2042 6
2338 25
2115 26
2113 19
2184 9
2001 23
2243 8
2056 24
2174 6
2026 0
2265 25
2199 20
2113 0
2218 29
1845 -9
2346 14
2067 25
2194 29
2059 -9
2229 39
2085 9
2022 -1
2095 2
2407 34
2070 23
2191 20
2070 0
2078 10
2340 31
1945 1
2183 7
2167 10
2166 36
2205 5
2139 12
2037 24
2240 3
2160 36
2027 -6
2158 21
2120 -1
2110 33
2106 -1
2143 28
2124 -9
2166 34
2107 10
2048 9
2185 21
2062 17
2319 15
2121 28
2140 14
2059 2
2016 2
2346 28
2070 10
2146 12
2142 7
2179 20
2086 11
2180 15
2132 6
2234 31
2007 18
2262 -6
2181 35
2148 17
2044 4
2047 20
2127 -6
2225 26
2117 28
2037 18
2228 -11
2362 40
1922 16
2150 -8
2379 32
2204 34
1915 1
2215 26
2160 -2
2408 35
1959 -2
2196 27
2004 -1
2192 14
2165 27
2069 1
2123 33
2166 1
2088 11
2153 20
1917 13
2263 1
1970 15
2147 -1
2192 30
2084 8
1969 -1
2299 15
2081 20
2210 20
2033 20
2268 14
2055 7
2204 28
2123 23
2015 21
2222 0
1980 -4
2281 22
2072 -1
2263 25
2168 6
2151 19
2199 21
2125 20
2234 28
2066 0
2175 26
2196 15
1930 14
2152 4
2143 17
2132 29
2035 -18
2183 32
2194 21
1960 -2
2222 28
2106 27
2049 10
2171 9
2126 19
2032 0
2242 20
2177 10
2365 37
1889 14
2205 -6
2310 34
1964 20
2255 5
2117 27
1977 20
2287 -1
2068 20
2041 -6
2288 20
2125 19
2143 9
2173 22
2240 25
1884 1
2309 11
2130 19
2084 12
1963 18
2272 4
2266 35
2069 -5
2089 24
2117 11
2160 1
2113 5
2075 -2
2210 31
2076 11
2166 9
2006 22
2234 13
2173 20
1988 5
2220 26
2206 24
2082 25
2077 -6
2233 25
2020 12
2114 21
2104 3
2138 29
2017 -8
2253 33
2133 22
2074 -7
2271 29
2156 15
2016 7
2171 26
2170 -11
2292 36
2125 10
2028 16
2270 16
2146 19
1902 5
2236 -11
2154 30
2163 -5
2146 19
2250 35
2314 15
1986 6
2367 24
2016 10
2065 -3
2306 19
2001 16
2144 -6
2116 28
2190 19
2131 0
2152 24
2168 22
2109 6
2166 12
2260 39
2008 11
2204 13
2042 7
2173 3
2153 28
2185 27
1951 1
2197 24
2204 4
2102 32
2203 24
2138 -10
1999 20
2179 21
2063 -1
2114 32
2209 14
1963 -17
2405 27
2246 30
1955 5
2314 24
1968 14
2138 0
2267 28
2183 30
1995 -16
2168 25
2154 -1
2098 24
2337 15
2149 22
1939 22
2210 -4
2058 18
2254 18
1898 2
2170 24
2191 0
2056 12
2174 17
2115 0
2185 19
2195 22
2202 30
2188 9
1969 12
2355 25
1919 16
2101 -5
2229 32
2097 0
2032 15
2160 11
2022 -17
2332 29
2061 28
2282 6
2220 33
2015 19
2166 -16
2376 36
1921 17
2327 8
2091 23
2169 22
2019 5
2202 -3
1964 17
2298 20
2050 -2
2197 16
2115 18
2168 21
2289 14
2269 24
1939 2
2296 34
2200 6
2059 25
2127 10
2154 13
2006 -2
2256 13
2170 21
2065 24
2311 9
2133 10
2075 9
2281 16
2076 6
2071 31
2193 -7
2139 12
2154 9
2050 11
2103 19
2167 10
2184 9
2141 17
2133 15
2176 25
2081 -6
2126 16
2217 25
1971 1
2340 25
2172 29
2224 14
1981 24
2324 12
2000 -9
2278 23
2083 12
2055 7
2218 21
2111 2
2261 38
2012 3
2170 32
1865 -18
2395 30
2153 38
2111 -5
2204 7
2241 19
2046 20
2346 23
2101 6
2100 9
2153 24
2186 24
2059 -17
2205 25
2024 12
2382 14
2150 25
2007 25
2249 -4
2035 10
2237 16
2216 19
1972 -1
2301 24
2163 22
2046 -1
2109 15
2214 10
2326 29
2020 10
2303 21
2047 4
2099 31
2186 0
2074 25
2047 -11
2246 29
1982 5
2120 6
2171 22
1939 0
2260 9
2212 24
2168 23
2297 22
2135 5
2106 9
2196 27
1969 0
2307 10
2133 29
2236 11
2177 10
2034 11
2208 12
2277 7
2201 29
2068 1
2050 23
2244 2
2088 23
2136 -2
2195 -6
2113 20
2113 10
2101 3
2218 30
2162 0
2233 16
2179 35
2309 17
2061 28
2099 -3
2089 18
2147 8
2138 8
2070 13
2128 25
2226 21
2202 11
2055 -8
2212 23
2130 16
2261 9
2155 22
2099 3
2113 19
2074 4
2276 12
2165 19
2102 20
2240 18
2097 8
2307 19
2061 6
2127 10
2186 31
2124 -1
2068 10
2137 12
2187 4
2128 20
2081 15
2316 28
2044 1
2053 27
2216 -5
2197 25
2238 27
2215 13
2235 17
1970 -7
2218 2
2101 16
2177 24
2221 5
2136 20
1983 13
2218 31
2047 -8
2173 20
2221 5
2089 9
2112 26
2167 10
2152 29
2114 -17
2159 25
2148 24
2192 13
2105 8
2148 18
2133 10
2345 15
2040 13
2289 7
2091 16
2066 -5
2167 20
2256 13
2008 1
2202 10
2123 11
2141 8
2092 5
2180 22
2259 20
2194 23
2136 11
2080 9
2193 10
2056 16
2203 33
2143 0
2029 12
2272 0
2039 20
2112 -6
2270 14
2162 26
2314 20
2070 11
2295 30
2219 19
1880 11
2377 15
2359 29
1924 4
2342 16
2102 17
2020 22
2149 -12
2368 38
2104 10
2068 5
2193 7
2079 19
2374 30
2088 15
2007 -6
2228 23
2094 11
2241 22
1941 4
2296 18
2106 27
2152 10
2096 7
1943 20
2249 -2
2230 26
2296 34
1852 -26
2312 21
2192 28
2105 12
2049 13
2154 -10
2321 27
2089 27
2158 -6
2061 34
2255 -13
2055 29
2318 19
2104 15
2075 3
2165 38
2126 -20
2229 25
2112 9
2198 9
2100 23
2198 10
2090 20
2181 13
2150 31
2139 23
2057 -19
2236 31
2092 1
2124 19
2138 28
2121 1
2108 13
2216 -2
2207 29
1977 18
2326 15
2115 8
2188 20
2107 6
2224 33
2108 1
2133 6
2205 29
2151 3
2028 21
2218 0
2176 17
2289 30
2097 8
2121 32
2213 -1
2098 13
2191 -4
2160 20
2154 10
2286 31
2208 6
2133 11
2072 21
2311 21
1998 -11
2391 27
2064 17
2043 7
2255 28
2174 2
1926 12
2346 15
2180 21
2158 8
2051 15
2175 4
2149 37
2025 22
2146 -17
2262 8
2113 25
2141 10
2188 8
1976 8
2259 25
2149 29
2070 -2
2160 27
2151 21
2124 -15
2287 28
1982 1
2258 25
2055 16
2159 9
2104 13
2189 24
2139 9
2173 21
1999 -4
2124 7
2305 28
2213 18
2071 11
2205 15
2166 -1
2163 25
2176 20
2186 15
1984 7
2352 27
2034 -4
2239 30
2107 13
2131 6
2087 7
2180 22
2173 8
2055 5
2219 25
2128 23
2226 0
2132 28
2188 9
2273 28
2013 -8
2169 24
2141 9
2122 26
2116 -10
2137 29
2019 1
2291 17
2234 24
1967 -5
2258 5
2201 18
2154 24
2119 29
2143 -3
2141 11
2147 36
2164 0
2061 26
2117 -13
2193 25
2122 -3
2162 2
2318 36
2012 19
2348 18
2013 21
2207 2
2117 17
2025 14
2260 13
2073 7
2106 22
2175 13
2097 1
2237 25
2175 28
2164 11
2168 8
2116 6
2127 36
2211 4
2128 7
2158 24
2108 5
2251 21
1917 10
2214 -1
2170 22
2137 13
2210 7
2317 33
2141 13
2102 12
2178 27
1964 -24
2178 27
2157 -8
2204 18
2071 21
2185 27
2065 6
2134 15
2076 11
2139 29
2169 0
2070 5
2336 31
2071 5
2311 30
2044 5
2074 9
2078 2
2256 18
2137 29
2171 14
2087 1
2212 23
2235 20
2116 13
2031 7
2259 11
2090 2
2131 15
2100 23
2229 14
2072 4
2143 5
2130 20
2115 -1
2150 21
2132 -5
2116 26
2236 23
2224 6
2142 12
2077 10
2156 32
2135 1
2146 16
2114 30
2101 -10
2280 19
2146 20
2151 19
2216 20
2039 25
2209 5
2241 31
2080 3
2046 -14
2230 10
2167 31
2123 10
2154 10
2226 22
2142 25
2129 -4
2168 15
2137 12
2141 26
2208 3
2140 12
2119 25
2329 14
2069 8
2294 32
1983 -23
2362 37
2199 -1
2198 25
2138 8
2082 5
2188 33
2113 -5
2301 19
2084 13
2144 12
2167 21
2011 5
2233 24
2142 4
2102 33
2266 11
1973 9
2301 -1
2200 33
2071 8
2198 13
2047 6
2215 12
2233 31
2027 -13
2206 30
2156 9
2225 17
2070 29
2281 9
2111 23
2115 -7
2200 23
2146 7
2193 25
2165 -1
2095 26
2217 -6
2318 27
2005 15
2211 20
2030 -2
2133 0
2087 -13
2232 21
2203 15
2115 8
2232 25
2040 5
2110 2
2213 23
2114 -3
2118 33
2216 2
2168 17
2084 18
2315 18
2000 6
2351 26
2219 26
1938 -7
2282 13
2127 14
2145 29
2095 -11
2283 28
2118 -1
2184 21
2075 -16
2285 23
2235 32
2175 4
2206 34
2197 9
2039 6
2300 32
2039 -10
2110 26
2199 12
2113 0
2200 18
2146 28
2182 -3
2082 11
2248 14
2220 34
2087 -14
2195 21
2135 19
2284 27
2115 16
2160 2
2041 17
2181 9
2119 16
2097 24
2249 20
2192 10
2168 21
2188 26
2038 -22
2221 28
2131 17
2134 -5
2141 17
2132 20
2274 7
2219 30
2051 -5
2092 23
2233 2
2238 23
2168 12
2083 10
2134 1
2196 22
2061 -2
2228 -1
2183 27
2156 0
2163 11
2123 32
2225 -4
2137 10
2173 11
2053 23
2218 -4
2128 33
2298 6
2167 32
2145 3
2101 7
2201 8
2086 12
2155 0
2140 5
2183 13
2158 21
2091 10
2362 24
2154 15
2167 17
2117 22
2317 27
1911 0
2191 -10
2129 22
2315 13
2092 20
2192 4
2243 16
2204 34
1973 0
2227 7
1999 16
2210 26
2047 -3
2079 -24
2246 24
2155 18
2119 11
2211 21
2064 19
2181 20
2112 1
2053 14
2225 0
2177 27
2126 24
2311 5
2071 24
2184 3
2084 16
2199 20
2304 21
2129 2
2064 20
2335 11
2076 21
2068 -11
2214 23
2196 19
2163 1
2297 25
2116 5
2170 0
2147 31
2156 -8
2215 20
2195 16
2099 11
2204 29
2206 -5
2196 27
2249 8
2171 21
2048 9
2193 21
2097 -6
2284 20
2015 -10
2328 37
2089 15
2116 12
2294 16
2153 25
2095 -5
2222 33
2166 3
2054 1
2147 26
2208 7
2124 1
2317 34
2104 16
2243 9
2134 18
2168 9
2044 -5
2179 18
2155 16
2195 25
2063 -5
2207 30
2316 20
2106 19
2033 4
2273 17
2069 20
2257 5
2041 9
2145 -9
2189 44
2133 3
2156 9
2258 35
2146 16
2051 7
2178 21
2159 1
2153 8
2199 6
2169 7
2311 38
2005 -2
2176 8
2143 14
2142 20
2183 12
2115 7
2212 30
2162 -11
2392 31
2043 17
2228 4
2140 11
2242 28
1953 7
2153 1
2192 17
2204 11
2134 34
2113 -4
2234 21
2092 15
2248 4
1999 11
2247 13
2083 15
2210 6
2256 27
2124 9
2195 33
2264 6
1856 0
2327 25
2114 13
2027 32
2161 -10
2047 27
2120 2
2155 15
2122 0
2261 8
2171 17
2223 12
2252 30
1879 2
2283 27
2046 -5
2376 28
2151 26
2218 15
2117 5
2108 7
2222 8
2011 10
2156 0
2197 25
2160 6
2113 22
2313 12
2264 26
2002 -3
2209 28
2167 0
2040 15
2197 2
2213 23
2165 0
2276 35
2121 15
2253 9
1960 26
2108 -19
2290 18
2118 20
2108 22
2297 8
2011 4
2186 -8
2252 32
2105 20
2158 -7
2369 30
2097 16
2012 15
2159 -7
2186 29
2066 -7
2300 1
2175 23
2200 29
2130 0
2183 8
2266 13
2101 19
2240 25
2289 13
2038 13
2061 -15
2341 12
2061 20
2195 4
2133 22
2187 3
2064 0
2243 34
2139 0
2138 11
2175 19
2205 30
2205 -3
2139 33
1968 -16
2056 20
2309 6
2133 4
2211 26
2232 13
2097 -5
2235 16
2188 6
2093 15
2210 6
2155 21
2208 15
2084 14
2262 27
2092 3
2153 28
2168 0
2071 9
2277 26
2116 -3
2143 28
2128 5
2247 11
2161 24
2190 11
2030 10
2208 24
2105 -3
2179 13
2215 10
2021 0
2222 30
2268 7
2016 19
2152 8
2120 8
2169 -12
2225 37
2149 6
2084 11
2256 28
2063 0
2224 8
2130 16
2053 10
2272 25
2105 -19
2209 19
2100 10
2180 10
2164 7
2174 12
2341 35
2033 21
2179 -6
2148 16
2215 15
2125 10
2111 4
2203 12
2229 27
2105 -9
2167 31
2210 2
2188 24
2107 2
2131 27
2140 23
2093 8
2242 2
2113 32
2184 -6
2157 33
2069 -2
2195 15
2186 19
2116 5
2167 6
2185 11
2196 27
2119 2
2143 9
2141 0
2175 21
2184 12
2127 9
2209 18
2135 -15
2185 16
2237 21
2203 18
2172 21
2152 11
2101 22
2261 -2
2207 34
2185 9
2053 -8
2264 27
2137 7
2084 20
2241 18
2093 13
2165 9
2169 19
2134 5
2156 9
2261 26
2172 21
2175 20
2081 6
2274 -7
2204 20
2193 6
2115 20
2116 1
2096 13
2217 11
2101 15
2204 28
2094 -1
2138 27
2207 1
2160 13
2166 26
2100 -1
2137 2
2167 1
2184 4
2201 27
2175 18
2167 9
2239 22
2183 8
2081 18
2176 9
2228 33
2127 -2
2156 32
2067 -7
2208 24
2155 14
2097 29
2156 26
2111 -15
2208 31
2126 -1
2144 19
2152 25
2192 7
2198 -1
2261 30
2094 5
2046 5
2098 22
2250 -4
2290 35
2032 6
2204 1
2197 27
2209 11
2116 13
2230 23
2165 21
2273 9
2092 10
2166 23
2127 5
2300 18
2101 0
2275 23
2195 27
2090 2
2150 3
2127 14
2161 4
2190 9
2196 31
2149 21
2148 1
2169 25
2155 11
2045 -2
2319 26
2129 9
2096 17
2190 8
2062 9
2270 2
2075 10
2252 5
2187 15
2096 10
2342 34
2091 13
2194 22
2035 1
2050 5
2228 7
2250 32
2077 11
2248 29
2159 7
2145 8
2102 24
2266 10
2058 11
2152 14
2177 6
2217 23
2118 3
2170 30
2196 -1
2109 11
2205 13
2077 3
2244 19
2155 19
2131 0
2148 30
2317 -1
2140 19
2160 21
2056 5
2228 21
2093 11
2088 -4
2356 18
2184 26
2222 -3
2026 20
2285 4
2175 16
2116 13
2152 2
2176 -3
2201 19
2175 22
2293 20
2154 9
2131 24
2305 2
2122 29
2180 -4
2194 30
2150 -6
2078 8
2370 18
2148 22
2017 1
2206 4
2111 8
2263 24
2198 13
2071 10
2222 14
2107 8
2169 0
2199 36
2021 2
2383 22
2135 22
2150 3
2066 27
2359 18
2040 8
2241 5
2190 1
2082 32
2087 -1
2228 2
2114 23
2188 3
2212 12
2189 20
2269 21
2181 31
2005 -15
2221 8
2177 18
2068 3
2143 2
2200 7
2008 9
2184 2
2106 30
2206 -5
2326 32
2091 5
2171 33
2248 9
2117 2
2191 9
2115 16
2358 25
2142 21
1969 6
2191 1
2192 18
2179 12
2070 0
2311 17
2047 13
2041 28
2203 -7
2189 20
2162 -1
2136 11
2129 9
2217 6
2188 27
2255 4
2083 11
2249 32
2178 31
2167 2
2047 28
2134 -8
2209 27
2226 20
2102 -8
2340 31
2106 -2
2209 29
2122 24
2118 -2
2104 24
2112 5
2145 13
2163 1
2186 9
2205 7
2131 18
2154 31
2321 0
2245 35
2067 -3
2202 28
2333 10
2040 18
2240 -5
2059 18
2166 24
2248 1
2132 20
2171 -13
2166 30
2131 -4
2153 5
2183 27
2186 -4
2240 13
2118 17
2269 21
2182 28
2143 -22
2206 27
2246 34
2118 -3
2162 23
2069 -8
2139 9
2202 -11
2101 19
2232 27
2237 22
2040 -1
2331 12
2224 32
2099 5
2202 8
2191 17
2065 9
2368 26
2017 9
2182 4
2116 1
2176 1
2148 9
2324 27
2136 14
2193 16
2250 27
2173 2
2129 -1
2166 6
2185 6
2141 15
2269 26
2198 -2
2130 23
2149 7
2167 8
2276 26
2227 16
2135 8
2162 22
2291 24
2227 21
1971 -2
2132 27
2155 -19
2167 28
2195 21
2146 13
2150 16
2056 11
2115 10
2132 4
2159 -8
2204 8
2130 30
2183 13
2160 23
2153 -9
2158 15
2239 25
2201 8
2125 15
2238 25
2199 11
2048 -7
2187 23
2176 19
2202 26
2038 9
2295 6
2182 24
2206 0
2195 17
2064 17
2173 0
2276 29
2226 -2
2147 23
2174 3
2184 29
2145 8
2172 6
2160 7
2209 23
2159 9
2023 12
2372 30
2108 14
2173 2
2094 7
2096 6
2240 29
2236 19
2098 1
2130 9
2294 22
2146 0
2171 35
2265 7
2068 0
2176 17
2088 2
2196 0
2203 24
2135 8
2130 27
2215 -1
2058 20
2127 21
2264 0
2070 14
2209 14
2162 20
2217 11
2234 21
2136 10
2097 7
2193 12
2159 15
2198 23
2181 7
2123 14
2200 6
2102 17
2340 29
2049 5
2207 24
2190 10
2087 2
2215 33
2068 -4
2294 -6
2242 19
2086 6
2248 13
2082 12
2242 6
2115 7
2251 27
2090 -6
2358 38
2037 17
2171 0
2152 11
2241 0
2101 9
2214 19
2100 7
2135 6
2186 19
2138 10
2192 18
2166 5
2149 2
2179 31
2253 20
2194 20
2021 -2
2288 16
2088 4
2131 0
2189 16
2150 6
2155 16
2223 30
2213 21
2037 -6
2228 23
2138 7
2167 8
2148 30
2319 2
2163 20
2193 13
2129 6
2247 32
2216 7
1989 17
2288 6
2167 10
2119 26
2323 6
1976 6
2368 29
2168 11
2034 3
2233 37
2334 8
1968 16
2189 15
2081 -7
2195 2
2079 26
2244 5
2051 6
2194 3
2195 27
2139 -1
2161 19
2156 10
2207 11
2136 10
2188 20
2158 -1
2131 11
2134 0
2181 9
2162 20
2200 4
2175 16
2148 32
2185 8
2198 20
2102 22
2340 19
2083 10
2200 7
2091 5
2289 27
2287 7
2183 25
2156 5
2084 0
2249 -1
2069 25
2356 7
2104 19
2136 -8
2316 36
2140 20
2298 20
1998 -1
2324 36
2073 4
2209 1
2032 33
2157 -16
2276 31
2096 8
2143 0
2217 0
2222 24
2221 16
2164 12
2112 8
2235 6
2164 23
2225 10
2177 1
2328 30
2130 9
1949 16
2202 -14
2266 29
2191 -6
2044 19
2295 1
2186 20
2168 10
2223 31
2194 14
2154 22
2067 -8
2270 26
2201 13
2082 24
2205 14
2122 -1
2245 22
2162 28
2342 12
2065 14
2304 12
2011 10
2279 23
2125 -19
2251 28
2090 5
2236 4
2119 10
2131 12
2189 9
2206 -2
2189 29
2242 4
2084 33
2257 18
2107 -1
2238 34
2093 25
2281 6
2228 9
2100 16
2210 22
2268 32
1986 -15
2150 21
2280 3
2064 8
2246 3
2202 6
2207 25
2146 21
2071 -1
2265 13
2298 18
2036 -2
2153 -5
2223 20
2191 0
2355 33
2011 3
2177 9
2104 0
2179 8
2170 5
2173 13
2177 4
2136 15
2320 30
2038 7
2320 33
2030 12
2231 12
2243 27
1967 11
2244 -2
2353 40
2120 11
2113 14
2204 26
2062 2
2197 2
2151 7
2139 10
2156 -1
2121 20
2290 12
2322 24
2155 13
2094 -5
2254 26
2105 16
2195 -6
2248 20
2168 24
2147 0
2141 0
2140 12
2225 19
2210 -2
2195 18
2142 14
2269 24
2189 20
2184 19
2091 0
2154 12
2184 2
2154 9
2145 5
2264 27
2185 11
2203 26
2107 -1
2139 21
2136 6
2184 3
2164 8
2096 34
2305 4
2216 31
2150 14
2107 6
2118 9
2232 8
2096 17
2123 -4
2235 18
2122 -6
2138 18
2232 4
2133 12
2164 24
2134 -8
2195 26
2160 16
2155 -3
2177 25
2298 18
2126 0
2225 27
2104 13
2242 26
2105 3
2088 15
2309 20
2142 6
2153 5
2159 25
1991 7
2213 -3
2256 30
2151 28
2302 18
2072 5
2179 13
2121 26
2276 7
2118 20
2173 -5
2227 9
2157 20
2090 19
2185 -5
2198 32
2232 19
2274 21
2214 8
2187 32
1976 -11
2190 -5
2227 1
2197 23
2126 1
2142 6
2228 5
2190 20
2139 4
2227 31
2078 6
2244 -1
2205 28
2179 -2
2135 26
2170 3
2189 23
2178 25
2034 -6
2200 15
2179 6
2249 30
2142 19
2163 2
2200 2
2200 19
2212 26
2103 9
2147 6
2076 -11
2208 23
2205 12
2108 19
2267 4
2101 29
2241 -2
2167 24
2194 13
2169 16
2051 11
2234 24
2174 -4
2213 20
2142 15
2281 3
2188 31
2173 11
2010 -7
2271 29
2197 17
2115 7
2200 -1
2184 23
2084 -5
2160 22
2198 22
2114 13
2165 -1
2174 3
2152 23
2216 8
2094 11
2154 2
2096 -1
2154 -3
2217 6
1592 -3
2251 -6
2199 26
2185 27
2128 26
2349 22
2115 -3
2203 22
2189 12
2122 21
2056 11
2268 16
2155 17
2045 -16
2345 20
2188 24
2199 18
2303 13
2007 16
2325 8
2152 22
2236 6
2134 12
2159 7
2173 14
2179 19
2194 -5
2152 17
2168 3
2167 10
2175 10
2227 25
2102 12
2166 2
2210 7
2159 14
2223 22
2123 11
2118 12
2166 11
2079 5
2165 -3
2204 22
2179 8
2230 15
2220 19
2208 25
2192 5
2202 25
2272 8
1991 11
2230 10
2156 18
2060 17
2249 -11
2261 42
2101 -5
2287 22
2105 -4
2216 33
2160 11
2077 3
2260 22
2071 8
2220 -11
2127 19
2203 -2
2173 17
2192 26
2144 4
2107 5
2166 0
2360 25
2177 13
2118 23
2296 -4
2193 28
2108 8
2120 3
2225 9
2178 12
2015 17
2253 -4
2319 27
2170 20
2042 3
2242 -4
2108 30
2204 24
2220 15
2142 1
2171 14
2246 16
2080 9
2212 15
2122 -1
2226 24
2130 4
2179 12
2268 -1
2192 34
2133 10
2159 8
2177 6
2066 27
2177 -12
2317 25
2018 9
2239 27
2188 17
2053 1
2180 15
2234 0
2262 26
2133 22
2135 6
2171 11
2068 7
2249 22
2154 3
2228 23
2229 21
2095 -1
2176 -2
2324 22
2187 25
2152 1
2201 34
2000 14
2200 7
2228 6
2221 12
2112 13
2149 20
2225 14
2110 -1
2334 33
2068 1
2254 17
2095 24
2121 -11
2355 30
2106 32
2300 14
2206 0
1989 2
2263 9
2163 11
2199 4
2145 17
2229 5
2163 32
2219 7
2115 -2
2160 10
2217 25
2211 1
2173 7
2191 20
2127 19
2238 8
2135 15
2130 13
2164 -7
2171 14
2288 27
2197 8
2133 29
2125 11
2205 -5
2174 11
2136 18
2147 3
2006 4
2218 -8
2232 23
2167 17
2212 7
2068 13
2295 24
2148 3
2199 14
2202 30
2222 8
2018 9
2310 12
2165 14
2171 20
2190 26
2099 4
2109 -13
2234 15
2116 22
2250 -5
2253 26
2162 10
2162 10
2218 28
2126 1
2275 24
2096 0
2182 11
2131 14
2057 6
2247 1
2172 11
2197 2
2152 24
2191 -3
2167 11
2221 13
2194 35
2172 10
2132 -1
2147 14
2183 3
2146 23
2144 10
2146 6
2094 22
2156 -4
2212 2
2251 27
2193 13
2112 15
2130 11
2161 16
2349 21
2108 8
2118 15
2239 2
2184 29
2213 8
2234 24
2041 -7
2296 26
2185 7
2154 8
2216 12
2032 0
2230 -6
2178 26
2248 3
2248 14
2181 19
2094 19
2172 6
2217 31
2302 22
2138 5
2160 16
2233 16
2352 18
2126 25
2016 -4
2378 29
1998 4
2187 -2
2184 30
2135 -11
2219 21
2153 -4
2086 8
2167 6
2231 5
2158 25
2145 7
2096 28
2247 3
2090 20
2213 12
2101 -3
2138 27
2254 13
2132 25
2136 -6
2246 23
2175 -1
2114 14
2173 23
2185 13
2074 -1
2192 14
2114 -1
2191 24
2180 -7
2210 32
2072 -1
2223 22
2114 13
2149 18
2183 16
2222 10
2132 21
2179 11
2078 -1
2220 18
2132 7
2159 -1
2154 5
2221 20
2197 14
2182 0
2181 4
2193 28
2200 25
2117 -9
2152 26
2155 16
2330 21
2106 11
2214 26
2115 -1
2177 14
2172 25
2088 -19
2325 34
2271 26
2031 0
2172 -7
2144 18
2246 3
2199 9
2199 27
2165 24
2176 5
2163 16
2249 19
2054 -4
2152 15
2195 6
2171 16
2162 3
2149 22
2264 1
2200 27
2205 14
2149 8
2088 -2
2248 14
2189 18
2262 32
2141 9
2215 23
2227 -7
2170 11
2220 19
2176 9
2188 4
2174 17
2088 6
2052 8
2174 -8
2233 22
2229 31
2209 20
2039 5
2250 7
2266 13
2199 40
2260 13
2053 7
2207 15
2202 5
2118 11
2197 19
2230 0
2076 19
2307 17
2124 8
2096 12
2186 -3
2153 3
2227 4
2150 8
2227 3
2260 26
2133 14
2210 1
2205 14
2224 38
2166 0
2151 25
2261 2
2058 20
2199 -1
2196 8
2135 8
2204 10
2208 20
2271 14
2192 30
2156 34
2149 -18
2166 29
2253 6
2106 14
2183 14
2152 12
2199 1
2157 1
2359 25
2109 12
2154 1
2213 25
2000 1
2344 20
2231 32
2065 -1
2241 33
2087 -12
2206 4
2234 32
2027 -5
2302 5
2134 13
2230 25
2173 -7
2141 4
2326 19
2216 7
2189 25
2153 24
2278 -5
2134 21
2178 -1
2226 0
2131 27
2246 -4
2130 13
2311 25
2113 4
2189 18
2213 4
2186 28
1984 7
2191 -2
2069 2
2203 -3
2212 21
2186 4
2261 27
2210 29
2201 1
2127 6
2207 28
2159 -4
2169 6
2165 9
2178 4
2194 10
2200 20
2124 5
2184 16
2248 15
2069 10
2282 29
2125 6
2050 -15
2281 21
2197 21
2175 16
2160 11
2217 21
2176 -18
2194 22
2160 4
2171 5
2147 26
2287 1
2136 10
2129 24
2287 30
2089 -4
2097 -8
2282 16
2122 -2
2228 33
2195 17
2315 16
2048 0
2192 21
2156 -6
2215 31
2132 -11
2219 27
2175 6
2193 20
2342 10
2123 20
2189 3
2108 15
2300 6
2113 21
2213 -1
2185 16
2287 25
2166 24
2198 0
2297 21
1955 16
2243 0
2183 -5
2132 15
2237 13
2124 1
2167 1
2144 9
2105 -10
2204 19
2214 3
2197 8
2181 19
2165 21
2188 3
2194 8
2105 18
2309 9
2158 17
2175 25
2128 9
2120 18
2283 7
2313 21
2138 6
2192 21
2254 26
2078 6
2241 1
2151 3
2098 17
2314 21
2080 6
2201 7
2234 31
2165 -4
2189 13
2162 25
2167 9
2190 7
2118 11
2244 17
2141 10
2174 14
2132 0
2285 30
2164 18
2018 8
2185 -11
2170 23
2157 10
2158 6
2171 -2
2168 10
2154 0
2217 2
2127 18
2219 20
2048 7
2203 -11
2307 30
2186 20
2293 24
2173 5
2093 25
2248 10
2122 19
2172 -3
2196 18
2115 -2
2224 4
2160 16
2235 0
2181 4
2120 10
2185 -1
2240 20
2228 26
2211 8
2047 18
2174 -3
2216 27
2181 14
2228 -3
2241 18
2195 30
2187 25
2177 0
2173 -5
2174 29
2236 2
2122 13
2259 24
2075 -8
2278 18
2209 18
2127 16
2169 19
2179 -1
2181 22
2131 26
2244 -5
2222 12
2142 6
2105 33
2251 1
2241 14
2185 17
2151 4
2205 8
2204 3
2155 18
2168 21
2159 -4
2195 24
2185 8
2234 13
2149 6
2186 -3
2229 31
2192 -1
2176 21
2193 10
2200 1
2151 20
2150 -2
2234 14
2120 8
2280 18
2220 23
2115 6
2227 7
2120 6
2110 28
2191 -8
2201 20
2072 9
2274 27
2139 5
2137 29
2106 -1
2205 0
2200 5
2093 -5
2194 12
2136 19
2214 -10
2271 30
2167 20
2215 10
2216 21
2122 4
2137 13
2198 20
2354 12
2282 18
2100 17
2210 3
2184 11
2156 6
2191 11
2165 -2
2250 25
2198 4
2183 22
2223 21
2116 22
2311 9
2225 27
2142 22
2060 -15
2261 14
2064 -3
2307 38
2206 11
2200 3
2131 19
2117 -8
2270 34
2178 5
2151 14
2187 24
2237 6
2145 -1
2190 14
2119 28
2199 -5
2079 23
2196 -2
2133 29
2242 15
2252 3
2146 14
2168 27
2062 13
2117 -15
2274 29
2205 4
2126 10
2231 3
2177 23
2093 6
2322 21
2118 3
2058 16
2305 13
2120 21
2188 4
2173 16
2128 18
2296 0
2146 17
2161 -5
2111 0
2199 29
2162 -3
2215 19
2190 28
2188 5
2183 2
2135 20
2205 4
2082 2
2213 11
2229 28
2199 29
2211 4
2005 19
2198 -3
2222 22
2190 8
2070 7
2252 3
2225 15
2071 -9
2211 15
2226 30
2188 -3
2132 27
2289 -8
2111 29
2337 7
2201 20
2130 16
2219 7
2103 6
2182 15
2129 3
2167 4
2193 8
2269 31
2096 8
2238 -1
2054 19
2249 3
2162 20
2219 0
2175 10
2243 27
2294 21
2149 3
2306 29
2075 21
2193 0
2059 28
2143 -19
2188 27
2160 -8
2215 19
2177 -3
2159 18
2261 10
2289 34
2201 21
2158 6
2113 10
2176 1
2152 5
2188 -5
2188 16
2244 22
2285 21
2215 26
2034 2
2168 5
2244 12
2077 11
2265 15
2132 3
2183 21
2168 3
2205 5
2183 21
2142 26
2084 2
2200 -2
2236 16
2246 22
2251 18
2078 -1
2303 34
2129 14
2194 0
2094 11
2316 26
2145 29
2130 -5
2130 12
2160 -2
2117 14
2230 7
2134 18
2174 -9
2161 21
2270 10
2299 26
2162 26
2201 0
2179 19
2063 9
2171 -5
2229 13
2233 14
2160 9
2263 36
2069 11
2104 -7
2280 5
2262 23
2187 24
2204 22
2106 20
2180 -13
2269 27
2170 17
2248 18
2073 7
2267 13
2149 4
2176 27
2157 1
2111 0
2301 32
2157 11
2169 7
2198 -1
2140 17
2216 -5
2165 18
2124 -1
2197 0
2200 27
2256 13
2213 35
2146 15
2186 0
2140 25
2254 19
2163 9
2113 -6
2194 12
2164 7
2150 6
2220 13
2154 21
2225 13
2127 13
2253 24
2228 4
2084 11
2218 1
2133 -6
2242 34
2305 21
2013 -4
2225 6
2217 20
2162 8
2383 36
2180 18
1974 15
2155 -13
2194 3
2242 19
2116 -1
2209 32
2158 -17
2189 17
2199 31
2094 -10
2200 19
2331 24
2253 7
2195 36
2039 -5
2235 4
2197 29
2213 13
2021 -8
2310 23
2275 29
2122 20
2240 6
2147 27
2117 -5
2235 -9
2120 20
2194 0
2230 11
2153 11
2144 9
2356 27
2074 8
2216 8
2177 22
2114 -3
2262 28
2232 28
2167 0
2199 6
2081 15
2269 7
2205 22
2127 14
2131 3
2231 23
2216 20
2084 2
2175 -1
2200 20
2205 16
2217 7
2068 26
2156 -9
2249 34
2163 0
2164 32
2094 9
2158 2
2125 6
2205 1
2174 11
2195 6
2094 1
2243 26
2321 21
2089 12
2189 31
2262 13
2273 24
2100 0
2109 -9
2245 3
2136 24
2156 -4
2235 30
2243 21
2089 11
2110 -1
2171 -3
2214 21
2200 11
2164 11
2148 11
2267 14
2189 26
2236 11
2109 17
2135 -12
2210 7
2168 12
2251 20
2141 29
2134 -8
2327 13
2192 16
2210 28
2137 12
2126 24
2186 4
2210 20
2072 -8
2219 4
2190 19
2189 1
2229 16
2209 13
2208 21
2121 2
2217 6
2155 7
2151 11
2196 2
2172 21
2169 17
2225 1
2180 19
2226 2
2147 25
2202 23
2335 18
2028 6
2224 4
2181 24
2124 -8
2236 8
2213 9
2216 11
2214 25
2146 8
2185 15
2121 3
2140 21
2239 6
2180 4
2155 35
2165 -4
2235 14
2197 17
2178 8
2148 15
2248 9
2205 16
2078 22
2165 -12
2225 -1
2232 25
2224 -1
2238 31
2173 0
2185 17
2178 29
2176 9
2296 19
2071 12
2245 -2
2114 19
2250 22
2296 19
2092 -6
2296 28
2030 -8
2265 4
2214 20
2184 0
2116 27
2064 -11
2309 24
2128 0
2243 5
2062 11
2231 19
2225 11
2167 16
2140 7
2261 31
2166 -10
2016 17
2287 -7
2208 35
2221 8
2050 15
2212 3
2144 9
2290 8
2090 20
2192 -2
2202 1
2091 19
2162 -11
2260 3
2181 13
2180 14
2279 20
2169 14
2132 3
2176 4
2159 7
2163 11
2222 21
2231 7
2225 36
2129 17
2184 -15
2205 30
2257 6
2219 6
2153 3
2308 29
2004 17
2218 -6
2224 26
2317 9
2104 21
2295 21
2115 -3
2267 27
2132 -3
2083 -11
2352 19
2073 9
2200 0
2249 13
2135 13
2121 -6
2240 0
2155 6
2230 -2
2223 18
2185 29
2126 9
2166 18
2157 18
2263 7
2091 -3
2284 4
2117 24
2196 24
2225 21
2131 -10
2190 13
2167 -1
2211 0
2172 29
2185 -2
2116 18
2195 -1
2175 20
2181 16
2186 18
2055 13
2217 -2
2182 16
2146 -2
2227 27
2271 21
2262 24
2082 21
2165 -5
2215 0
2178 24
2041 11
2295 6
2147 22
2159 -4
2162 3
2111 1
2250 1
2202 19
2144 9
2264 25
2139 3
2204 14
2150 5
2228 12
2263 17
2263 26
2262 29
2112 5
2226 26
2117 0
2349 33
1941 -11
2271 1
2203 22
2164 29
2169 -5
2107 1
2269 12
2215 32
2075 10
2182 2
2180 30
2099 -20
2254 23
2316 29
2075 1
2168 25
2105 -5
2189 -2
2191 13
2227 0
2201 20
2180 23
2107 8
2253 7
2153 2
2208 20
2136 9
2186 1
2125 10
2254 2
2167 17
2191 11
2160 9
2245 28
2300 15
2192 21
2088 2
2188 20
2165 1
2199 13
2173 6
2069 -4
2232 -1
2222 24
2224 30
2236 12
2132 15
2166 13
2153 1
2217 26
2185 12
2035 3
2179 8
2188 15
2210 5
2248 25
2118 11
2216 21
2180 6
2138 9
2168 9
2234 13
2224 22
2132 10
2256 29
2101 8
2282 13
2169 9
2074 -2
2228 13
2267 10
2141 16
2151 14
2145 4
2148 31
2185 9
2268 11
2125 5
2126 1
2196 1
2191 23
2205 24
2213 3
2156 4
2189 4
2192 7
2108 22
2276 12
2065 9
2304 4
2167 17
2201 9
2148 15
2194 11
2142 11
2234 12
2180 11
2118 10
2247 32
2284 7
2117 0
2244 27
2213 13
1969 14
2276 3
2162 21
2200 13
2041 1
2226 8
2149 13
2189 7
2154 4
2264 25
2114 12
2228 4
2177 10
2216 23
2112 3
2153 0
2184 4
2247 15
2212 18
2277 13
2049 18
2244 16
2118 2
2172 8
2120 -8
2209 16
2224 17
2221 17
2222 23
2099 -10
2274 12
2130 10
2189 6
2153 5
2207 15
2192 22
2252 9
2202 4
2166 13
2139 16
2201 -1
2153 19
2193 30
2120 -14
2199 13
2258 22
2243 10
2110 13
2303 20
2193 18
2085 12
2149 -3
2141 7
2228 23
2174 3
2208 11
2124 8
2181 24
2250 29
2213 7
2188 2
2205 18
2236 27
2251 0
2016 1
2236 24
2194 -1
2158 28
2155 -5
2249 18
2198 -10
2143 12
2230 18
2244 17
2273 34
2154 4
2128 23
2370 22
2002 0
2194 6
2219 9
2067 18
2244 -3
2220 8
2160 19
2141 13
2115 -3
2249 10
2190 16
2143 9
2245 13
2149 12
2141 1
2234 24
2151 24
2260 19
2128 1
2150 7
2212 19
2074 23
2199 -19
2169 24
2164 1
2270 19
2178 5
2202 27
2221 0
2143 19
2200 -1
2186 14
2204 -7
2221 14
2138 5
2182 9
2165 6
2259 20
2260 14
2113 21
2179 3
2188 5
2190 16
2309 9
2134 11
2204 6
2207 11
2164 10
2256 30
2139 -4
2296 22
2268 -8
2219 15
2120 40
2221 -14
2207 19
2179 7
2205 12
2207 3
2287 34
2149 3
2166 16
2199 -2
2229 1
2211 25
2126 22
2241 -2
2168 15
2159 14
2240 13
2198 6
2212 29
2078 -1
2208 0
2165 7
2179 1
2203 5
2240 17
2170 11
2317 23
2044 10
2200 -1
2156 20
2167 0
2188 25
2129 0
2216 -6
2260 17
2236 15
2205 30
2163 10
2165 5
2196 3
2276 12
2182 13
2184 12
2245 41
2164 0
2185 22
2359 22
2166 24
2113 1
2331 29
2022 -10
2263 20
2072 5
2260 -7
2115 22
2291 1
2077 18
2262 17
2065 2
2212 3
2170 19
2250 27
2175 -1
2147 0
2216 19
2230 2
2143 8
2210 20
2216 4
2203 21
2123 21
2287 15
2130 0
2135 26
2181 -2
2136 6
2249 -4
2188 19
2190 21
2220 18
2258 15
2208 13
2083 17
2372 23
2161 19
2089 -1
2246 14
2115 10
2101 1
2224 21
2110 6
2113 0
2216 -2
2207 11
2267 24
2104 13
2374 26
2144 14
2090 17
2220 19
2295 6
2129 9
2073 26
2158 -19
2275 18
2131 8
2203 24
2359 12
2088 -11
2298 34
2160 -5
2198 8
2149 6
2142 -1
2271 1
2216 23
2117 3
2226 8
2167 31
2268 -2
2236 16
2112 27
2196 -5
2209 26
2108 -7
2197 10
2187 1
2228 21
2166 21
2172 3
2139 3
2179 7
2162 -2
2226 0
2121 20
2173 4
2176 0
2214 16
2195 8
2232 27
2183 15
2298 24
2316 22
2091 19
2157 -13
2144 7
2180 11
2181 4
2234 16
2174 15
2299 14
2183 22
2083 16
2156 6
2194 2
2183 14
2255 26
2192 1
2276 30
2147 1
2163 25
2214 1
2133 11
2208 19
2176 -3
2125 16
2184 4
2064 5
2185 -4
2279 15
2132 0
2242 26
2288 14
2165 24
2153 11
2204 3
2206 13
2157 8
2119 7
2195 18
2132 7
2129 -2
2172 21
2195 13
2264 16
2148 8
2175 0
2110 6
2188 17
2229 23
2205 27
2254 13
2217 1
2179 17
2183 19
2192 14
2113 2
2315 27
2078 15
2288 20
2090 -8
2291 18
2087 8
2264 3
2108 11
2161 -9
2216 19
2112 -6
2228 0
2162 8
2201 8
2290 25
2118 28
2237 1
2106 10
2217 9
2209 13
2204 12
2078 2
2219 2
2171 17
2183 0
2114 31
2241 -4
2236 25
2212 23
2202 11
2171 5
2149 21
2171 -5
2221 1
2170 5
2201 1
2179 18
2211 23
2241 0
2274 26
2180 25
2241 4
2263 22
2194 14
2107 19
2122 1
2171 6
2215 7
2170 13
2233 8
2211 5
2283 26
2176 22
2203 6
2220 12
2189 11
2159 14
2162 0
2269 9
2199 15
2202 7
2145 18
2177 0
2142 16
2192 1
2220 9
2234 21
2207 22
2246 21
2162 5
2228 28
2217 2
2117 -2
2224 19
2249 13
2241 5
2119 16
2258 21
2150 -3
2207 20
2194 8
2115 -1
2199 14
2131 0
2240 5
2174 26
2160 8
2188 21
2121 -8
2179 7
2308 22
2236 20
2133 9
2227 22
2201 19
2207 7
2166 7
2237 15
2164 0
2176 34
2093 -4
2213 1
2264 29
2155 23
2159 -9
2198 11
2246 20
2191 20
2203 -6
2125 13
2163 4
2182 -5
2203 14
2182 1
2165 12
2188 27
2213 1
2170 19
2305 14
2183 23
2251 26
2184 -3
2148 5
2230 30
2164 3
2183 4
2223 18
2116 1
2182 0
2179 0
2127 -1
2192 -3
2191 7
2165 15
2187 16
2170 6
2266 5
2188 14
2179 12
2162 3
2237 7
2348 37
2130 27
2274 24
2230 1
2091 3
2264 22
2183 4
2148 18
2195 12
2170 -2
2198 8
2203 3
2175 19
2239 28
2290 22
2186 6
2122 12
2249 14
2148 6
2220 21
2262 20
2186 -1
2097 10
2221 6
2176 12
2231 6
2156 1
2245 21
2245 20
2028 0
2183 -16
2255 35
2198 7
2128 18
2208 15
2159 0
2213 25
2058 2
2272 2
2168 17
2147 5
2191 11
2227 10
2137 14
2246 -5
2150 27
2263 -3
2212 35
2219 15
2010 0
2356 31
2086 15
2085 0
2255 2
2199 18
2209 6
2042 18
2163 0
2214 19
2184 8
2195 30
2240 4
2109 21
2247 1
2166 31
2135 3
2221 -1
2151 17
2205 1
2245 23
2152 11
2162 32
2218 -6
2189 2
2138 25
2130 -21
2330 30
2113 24
2200 5
2178 11
2221 2
2176 30
2126 -1
2224 28
2233 -5
2118 9
2183 0
2214 4
2144 13
2208 4
2203 20
2236 0
2244 20
2214 20
2100 -1
2320 32
2104 15
2323 25
2041 3
2224 9
2091 -1
2137 -5
2252 2
2213 8
2170 9
2242 26
2225 4
2132 20
2128 -4
2214 21
2326 22
2253 22
2152 20
2146 3
2200 24
2227 26
2094 -20
2237 29
2162 7
2112 -7
2171 13
2166 -1
2191 0
2126 3
2220 0
2233 24
2254 22
2238 30
2164 3
2151 12
2182 23
2202 -1
2187 18
2183 19
2164 -3
2216 16
2269 29
2191 14
2322 28
2040 4
2126 12
2123 -19
2257 30
2112 -1
2226 1
2190 6
2228 17
2133 28
2235 4
2198 16
2141 4
2165 29
2322 10
2020 8
2347 14
2211 5
2214 7
2170 23
2199 31
2199 -8
2179 27
2252 8
2015 7
2243 5
2197 9
2209 1
2215 14
2206 16
2148 14
2167 1
2202 5
2207 21
2295 -1
2252 14
2184 25
2117 -7
2145 8
2025 1
1726 -28
2322 26
2311 16
2224 29
2272 15
2109 29
2295 5
2129 -3
2175 9
2188 -2
2169 -3
1554 -15
2202 -18
2196 22
2192 12
2181 5
2282 24
2216 16
2177 21
2151 33
2199 -9
2165 4
2181 1
2286 18
2140 13
2180 21
2192 6
2223 8
2201 32
2215 -9
2260 30
2173 11
2271 28
2023 -12
2190 24
2185 0
2156 28
2188 3
1962 9
2251 13
2131 25
1869 6
1744 -12
2023 -21
1342 -30
1286 -25
1380 -35
1935 -16
1283 -44
1286 -30
2153 -20
1676 -1
1285 -45
1944 -19
2327 32
2418 32
2349 36
2411 30
2418 34
1925 23
1282 -33
2033 -5
2427 25
2323 34
1642 2
1285 -35
1285 -33
1824 -28
2393 30
2412 31
1745 15
1308 -34
2291 7
2437 30
1495 9
1286 -42
2247 -4
2387 38
2415 30
2426 32
1522 -2
1517 -36
2428 28
2391 33
2434 32
1286 -33
1282 -34
1673 -35
2413 22
2432 30
2423 33
2423 35
2430 32
2424 33
2390 33
2331 33
2435 30
1299 -19
1283 -31
1282 -34
1337 -35
1286 -31
2262 -3
2423 33
2435 34
2431 32
1886 24
1288 -35
1282 -35
1345 -35
2418 11
2427 30
2426 34
1298 -15
1308 -29
1283 -35
1993 -21
2419 32
2440 32
2443 33
2430 34
2409 33
2438 35
2383 32
2394 34
2353 34
2407 34
2377 36
2371 31
2364 34
2373 30
2400 30
2315 27
1882 24
1282 -34
1286 -32
1285 -35
1284 -34
1670 -29
2432 23
2343 34
2384 31
2419 34
2434 35
2388 32
2259 32
1294 -28
1287 -36
1286 -29
1283 -34
1284 -37
1286 -33
2048 -11
2438 35
2434 31
2391 35
2419 34
2395 31
2418 36
2288 33
2370 31
1609 8
2066 -13
1940 25
1285 -38
1892 -19
2420 36
2419 33
2442 32
2365 36
2401 34
2389 30
2370 30
2396 35
2411 32
2389 34
2376 34
2376 31
2404 34
2441 34
2104 17
1448 -4
1284 -31
1286 -35
1283 -34
2176 3
2387 30
2115 30
1700 -30
2446 35
2317 33
2094 32
2001 6
2454 22
2432 32
2431 33
1643 -5
1282 -26
1284 -34
1756 -22
1942 -4
1998 25
1288 -33
2315 12
2419 32
1698 0
1282 -29
1282 -33
1286 -34
2054 -8
2412 32
1293 -19
1284 -31
1283 -33
2034 -14
2351 32
2412 34
2430 33
1762 1
2438 31
2461 34
2385 32
2420 34
2405 32
2397 34
1912 20
1282 -36
1285 -28
1284 -38
1283 -33
2037 -5
2426 34
2420 32
1685 9
2104 0
1603 -5
1284 -34
1334 -35
2387 13
2454 32
2447 34
2417 34
2424 33
2357 33
2379 34
2363 27
2357 35
2392 33
2432 32
2454 36
2444 32
2384 31
2427 35
2457 31
1627 -3
2302 26
2354 20
2355 36
2289 35
2141 30
2059 20
1317 -35
1286 -34
1285 -35
1662 -19
1291 -32
1286 -30
1695 -29
2436 37
2297 26
1397 -18
2370 19
2419 28
1483 2
1283 -40
1287 -29
2257 1
2403 32
2427 35
2438 31
2465 35
2464 34
2460 31
2346 24
2467 33
2437 37
2417 30
2441 34
2304 30
2459 32
2444 34
2421 34
2443 31
2325 35
2437 34
1613 9
1659 -21
1286 -35
1285 -31
1284 -35
1287 -34
1287 -33
1420 -32
1289 -31
1286 -35
1282 -34
1286 -35
1666 -26
1337 -25
1285 -29
1292 -32
1339 -34
1877 -24
2227 35
1284 -26
1408 -39
1689 -25
2242 38
1604 -27
2065 32
1772 -29
2459 39
2466 25
1569 2
2291 7
1696 9
2088 2
1291 -20
1288 -33
1301 -32
1283 -34
1363 -36
2439 16
2373 25
2458 33
2447 35
2448 32
2414 34
1779 8
1416 -31
2273 27
2410 22
2405 27
2449 34
2444 33
2401 35
2454 31
2455 34
2463 34
2430 31
2436 34
2399 33
2045 29
1282 -31
1453 -32
2156 -3
2427 35
2440 30
2230 19
2344 36
2437 31
2456 34
2359 35
2406 31
2318 34
1894 16
1582 -20
1283 -30
1280 -33
1280 -36
1284 -34
1283 -32
1283 -35
1285 -34
1283 -35
1280 -31
1285 -34
1286 -35
1282 -32
1283 -34
1286 -35
1281 -34
1282 -34
1285 -35
1283 -34
1282 -33
1286 -34
1283 -35
1405 -31
2325 27
2354 15
2452 36
2380 32
2447 34
2407 34
2465 32
2434 34
2463 31
2455 34
2448 35
2413 32
2467 32
2464 35
2440 32
2448 33
2431 35
2339 32
2469 32
2456 35
2449 32
2464 32
2451 34
2466 33
2447 32
2456 34
2413 34
2464 31
2450 35
2429 33
2443 32
2328 35
2281 28
2372 32
2459 26
2443 34
2470 33
2464 33
2404 35
2464 33
2466 31
2461 36
2385 33
2470 31
2470 35
2444 34
2454 32
2426 35
2418 34
2198 28
2417 32
2460 31
2423 34
2445 33
2470 32
2370 35
2425 33
2430 32
2305 28
2326 37
2433 31
2395 34
2366 34
2464 32
2258 34
2458 30
2398 34
2422 32
2462 34
2444 35
2428 31
1476 0
1282 -34
1604 -26
1293 -30
1283 -34
1424 -35
1352 -33
1282 -34
1285 -33
1286 -34
1283 -37
1366 -30
2147 -7
2027 4
1650 1
1287 -41
1286 -29
1513 -33
1422 -30
1330 -29
1283 -34
2355 12
1351 -23
1282 -27
1775 -19
1387 -37
1282 -32
1284 -32
1989 -10
1531 -23
2137 2
2412 35
2457 32
2408 33
2360 35
2400 32
2350 33
2469 36
2450 31
2451 33
2450 35
2471 32
2460 34
2454 34
2382 32
2473 29
2457 33
2448 33
2473 34
2473 34
2473 32
2016 20
2432 29
2438 31
2467 35
2463 33
2459 32
2431 35
2472 33
2462 32
2394 36
2447 33
2451 32
2467 36
2376 33
2433 35
2468 35
2439 34
2050 10
2299 36
1465 -10
2344 9
2386 26
2403 34
2433 35
2418 33
1750 8
1432 -34
2398 28
2441 28
2412 33
2355 35
2389 31
2331 34
2380 35
2283 29
2264 31
2335 34
2299 35
1430 -26
2356 31
2350 35
1344 -19
2389 26
2346 27
1587 -2
1288 -34
1989 -7
1289 -23
1288 -33
1286 -33
1306 -35
1283 -35
1295 -31
1286 -34
1545 -35
1575 -15
1286 -34
1951 -13
2073 29
2428 13
2454 46
2175 18
2450 37
2367 33
2032 19
1435 -15
1469 -29
2388 28
2384 29
2345 33
2375 30
1287 -21
1288 -33
1282 -35
1610 -31
2253 10
2324 35
2432 31
2366 34
2446 35
2371 32
1535 1
2125 7
1285 -25
2305 5
1857 10
1322 -25
2415 15
2130 29
2387 31
2125 29
2005 -4
1627 -4
1422 -28
2468 29
2378 32
1851 -1
2373 26
1879 1
2454 36
2417 37
2393 32
2393 34
2432 31
2471 35
2458 34
2373 30
2434 30
2456 31
2478 34
2423 33
2466 32
2471 36
2448 31
2468 32
1987 31
2302 9
2475 32
2447 34
2435 33
2443 33
2431 34
2071 22
2356 23
2269 26
2459 35
2452 36
2476 30
1721 15
1285 -40
2059 -12
2443 37
2389 30
2462 32
2472 32
2474 35
2465 32
2396 33
2427 34
1672 12
1282 -34
1286 -34
1979 -19
2382 39
1757 11
1286 -34
1288 -33
1282 -33
1897 -16
1294 -18
1906 -20
2436 32
2274 28
1556 1
1554 -28
2321 33
2450 27
2402 33
1996 10
1435 -6
1283 -29
1285 -37
2023 -17
2425 43
2289 20
1453 1
1282 -31
1287 -36
1942 -17
2381 32
2456 31
2448 34
2284 22
2328 33
2331 31
1283 -22
1539 -18
1760 -24
1287 -26
1735 -19
2420 23
1343 -17
1894 -22
2456 40
2327 28
1341 -13
1704 -22
1667 2
1489 -29
2334 20
1302 -20
2359 9
1596 5
1288 -29
2433 12
1738 -10
2068 32
1634 -31
2471 30
1377 -8
1955 -14
2474 37
2443 32
2372 30
2022 32
1615 -32
2121 28
1417 -28
2367 18
1710 -2
1285 -31
1284 -31
1285 -33
1529 -21
1284 -34
2149 -7
2422 38
2362 21
1732 18
1284 -37
1298 -34
2383 19
2325 22
1517 5
1286 -37
2011 -15
2282 35
1286 -23
1519 -31
1537 -19
2222 2
2306 35
2472 34
2442 30
2461 35
2472 32
2382 29
2463 35
2459 30
2314 35
2453 34
2443 30
2432 35
2443 33
2461 32
2404 35
2421 34
2429 32
2340 33
2268 35
1664 -6
1283 -31
1322 -31
1286 -35
1282 -34
1283 -34
1286 -34
1973 -16
2066 10
1285 -24
1284 -35
1603 -30
2465 32
2428 27
2230 28
1320 -13
1285 -30
1650 -34
2460 37
2474 26
2329 29
2361 35
2442 34
2453 33
2289 33
1956 27
2032 6
2461 17
2260 35
2223 25
2407 36
2437 34
2465 32
2435 34
2422 34
2409 32
2402 34
2413 34
2310 30
1756 7
1282 -35
1380 -27
1290 -32
1283 -36
1820 -23
2363 33
2408 33
2276 35
1914 20
1813 5
2358 15
2455 29
2432 32
2372 34
2386 31
1285 -15
1897 -24
2475 33
2446 32
2443 34
2466 34
2474 33
2475 32
2433 35
2470 34
2431 32
2462 35
2466 33
2461 32
2472 35
2471 33
2473 32
2429 35
2451 34
2402 31
2317 35
2452 34
2466 31
2425 35
2388 34
2477 31
1773 15
1988 -10
2424 34
2309 33
2394 33
1576 4
1820 -14
2253 29
2269 27
1686 -1
1517 -34
1683 -8
1283 -39
1283 -34
1290 -33
1503 -36
1452 -31
1293 -34
1464 -31
1395 -25
1285 -38
2089 -4
2422 29
2426 35
2405 33
2120 34
2375 20
1477 -11
1910 0
1288 -29
1436 -32
1461 -32
1392 -35
1290 -29
1284 -33
2009 -14
1501 -4
1318 -32
2059 11
1542 -33
1468 -6
2389 0
2340 34
1523 0
1489 -24
1859 -15
1378 -29
1301 -33
1868 -22
1798 9
1388 -35
1526 -28
1495 -26
2073 9
1688 -30
2436 33
2242 28
1389 -26
1290 -33
1429 -31
2422 21
1543 -7
2377 16
2013 29
1880 -1
1536 -32
1284 -30
1286 -32
1459 -34
1340 -31
1857 -14
2032 -2
1564 -13
2454 19
2389 34
2371 31
1799 24
2016 -4
2328 27
2405 32
2437 31
2455 34
2464 34
2451 32
2467 34
2444 34
2400 32
2272 34
2419 34
2395 32
2426 32
2460 33
2354 32
2429 36
2380 31
2449 33
2369 27
2433 37
2466 33
2121 30
1285 -34
1283 -31
1284 -35
1286 -31
1590 -25
1284 -33
1737 -29
2398 33
2467 31
2466 32
2460 33
2470 36
2262 27
2432 36
2458 30
2468 35
2463 35
2391 31
2381 34
2459 30
2450 32
2468 37
2473 35
2451 32
2449 35
2475 34
2314 33
2375 35
1590 4
2280 3
2454 33
2467 34
2466 32
2145 30
2462 29
1957 9
2209 21
1654 4
2464 25
2208 30
2340 29
1975 8
2294 36
1468 -25
1539 -23
1468 -26
1281 -29
1678 -29
2339 36
2276 26
1914 -5
2143 32
2041 19
1358 -25
1639 -15
1534 -30
1517 -30
1513 -18
1931 -10
1574 -23
2381 27
1859 4
2169 15
2161 28
2316 26
1336 -8
1705 -24
1305 -27
1284 -34
2127 0
2387 31
1705 9
1351 -36
1347 -32
2434 24
1752 -2
1450 -30
1336 -25
2138 11
1525 -27
1596 -9
1285 -37
1755 -18
1417 -22
1455 -23
1285 -34
1710 -22
2453 22
2392 38
2287 20
1929 22
1385 -28
1649 -11
1384 -36
1284 -25
1465 -35
1339 -33
2073 -14
1982 16
2189 27
1648 -2
2286 13
1751 2
2376 25
2202 15
2423 38
2472 32
1616 -5
2465 29
2300 36
2313 32
2441 32
2468 35
2405 33
2442 32
2470 35
2411 35
2471 30
2452 36
2449 33
2464 31
2374 35
2456 30
2459 31
2471 35
2328 33
2072 15
2089 29
2103 -11
2467 37
2453 31
2368 33
1625 -7
1531 -14
1285 -39
1382 -31
1660 -25
1602 -7
1282 -39
1608 -24
1285 -28
1374 -38
2140 15
1286 -24
1321 -40
1463 -21
1287 -38
1288 -31
1284 -35
1339 -35
1348 -31
1355 -35
1287 -35
1351 -30
1431 -29
1369 -31
1286 -34
2259 0
2172 33
1484 -28
1515 -20
1286 -28
1285 -41
1284 -31
1493 -25
1616 -32
1780 6
1725 -10
1928 -12
2308 12
1341 -9
1467 -30
1733 -20
1963 1
1966 3
1331 -19
1518 -34
1290 -28
1285 -36
1283 -35
1286 -32
1288 -35
1734 -29
1292 -27
1692 -27
2343 25
2304 32
1283 -28
2156 -4
1874 7
1810 -15
2331 30
1973 3
2048 12
1800 8
1471 -24
1326 -29
1437 -32
1285 -37
1300 -31
1286 -34
1284 -36
1285 -35
1289 -32
1291 -34
1338 -34
1292 -35
1285 -32
1286 -35
1454 -35
2052 -13
2044 12
2041 20
2097 11
2403 25
2469 35
2413 31
2366 35
2332 34
2168 32
1966 4
1830 24
1459 -22
1766 -16
1282 -28
1288 -38
1458 -34
1732 -30
2243 -1
2234 27
2172 17
1957 11
2031 21
2219 30
2057 21
1799 -31
1626 -20
1503 -25
1725 -26
1488 -30
1506 -27
1529 -25
1958 -14
1693 1
1594 -14
1606 -26
1532 -30
1618 -28
1924 4
1283 -40
1834 -22
1924 2
1394 -34
1558 -16
1287 -32
1284 -37
1284 -33
1413 -34
1308 -34
1621 -22
1286 -38
1285 -32
1455 -34
1287 -28
1304 -37
1282 -35
1285 -34
1285 -32
1283 -34
1705 -25
2330 28
1525 -8
1456 -44
1810 -14
1492 -29
2137 11
1556 -6
1959 -8
2090 6
1926 14
1567 -6
1723 -6
1370 -33
1287 -35
1283 -35
1376 -34
1813 -26
1286 -29
1289 -35
2439 18
2291 29
2182 22
2189 25
2074 32
1286 -27
1562 -33
1493 -7
1284 -35
1516 -19
1283 -40
1608 -32
1850 -4
2439 25
2350 34
1550 -3
1290 -30
1842 -4
1906 2
1292 -33
1315 -35
1340 -32
1326 -33
1492 -35
1411 -31
1388 -31
1443 -34
1282 -35
1312 -34
1482 -28
1286 -34
1291 -34
1287 -34
1335 -33
1403 -34
1625 -15
1435 -32
1286 -33
1287 -31
1283 -35
1284 -37
2051 -13
1888 11
1910 -6
2292 1
1873 -9
1995 20
2092 18
1882 -4
2320 32
2379 31
2425 32
2443 31
2187 29
2447 31
2388 34
2448 34
2458 32
2376 34
2366 34
2428 32
2455 33
2459 35
2469 32
2376 34
2457 30
2374 30
2275 35
2457 33
2458 32
2443 35
2463 33
2460 32
2360 35
2395 32
1813 28
1286 -34
1284 -36
1310 -36
1282 -32
1641 -35
2233 26
1775 -6
2039 -5
1406 -11
1960 -22
1929 14
1667 0
1289 -31
1284 -37
1281 -34
1284 -34
1316 -32
1286 -34
1283 -34
1413 -34
1286 -32
1295 -35
1351 -26
1390 -32
1286 -33
1823 -23
1532 -31
1291 -28
1384 -32
1363 -35
1323 -31
1284 -33
1286 -34
1283 -33
1285 -34
1287 -34
1283 -34
1284 -32
1286 -34
1288 -35
1313 -31
1649 -29
1771 -19
2014 12
2014 17
1901 -19
2213 42
1877 20
1585 -10
1686 -32
1484 -2
1285 -38
1331 -36
1631 -27
1294 -33
1282 -35
1282 -32
1290 -34
1292 -36
1310 -33
1286 -32
1287 -37
1362 -33
1404 -33
1283 -35
1285 -35
1285 -31
1543 -34
1762 -15
1283 -36
1403 -29
1964 -1
1283 -34
1287 -31
1694 -20
1293 -41
1614 -17
1475 -36
1283 -32
1287 -34
1303 -34
1553 -35
1968 -5
2191 22
2191 26
2160 33
1916 16
1480 -13
1405 -30
1584 -22
1288 -32
1284 -35
1293 -32
1289 -33
1289 -35
1290 -34
1304 -32
1289 -37
1287 -33
1303 -33
1284 -36
1288 -34
1304 -32
1901 -23
1902 -23
1909 0
1683 -29
1897 0
2052 5
1360 -16
1346 -28
2000 -12
1728 9
1758 -37
1428 -26
1407 -34
1571 -32
1581 -25
1435 -26
1571 -28
1285 -34
1286 -34
1552 -27
1494 -34
1286 -32
1282 -34
1290 -34
1495 -35
1599 -12
1926 -15
1636 -5
2053 -9
2189 29
2172 22
1292 -16
1296 -30
1315 -35
1288 -35
1346 -34
1481 -30
1783 -16
1283 -34
1453 -31
1304 -31
1283 -35
1521 -35
1759 -9
1415 -35
1288 -35
1350 -34
1491 -35
1405 -32
1838 -26
2119 11
1658 -17
1403 -26
1286 -30
1283 -37
1528 -33
2152 20
1777 16
1801 -36
1750 19
1376 -34
1282 -32
2110 -9
2399 36
2149 30
1943 -5
2183 33
2367 31
2147 21
2174 30
2278 24
2415 36
2001 24
1284 -33
1285 -26
2017 3
2153 18
1475 -9
1880 -14
2374 27
1449 -10
1653 -7
1347 -29
1513 -37
2326 17
2365 34
2264 31
1571 -4
1641 -20
1314 -34
1285 -26
2263 3
1632 -1
1322 -28
1285 -33
1282 -34
1283 -33
1286 -34
1283 -34
1284 -34
1453 -32
1304 -35
1290 -36
1516 -34
1286 -32
1283 -33
1487 -36
2321 24
2310 34
1897 27
1594 -31
2328 35
1573 -8
2008 1
2188 28
2071 28
1359 -32
1971 13
2020 5
1287 -30
1337 -32
2181 -8
2302 36
2214 27
1868 4
1725 -19
2169 28
2290 39
2112 20
2087 21
2356 40
1782 10
1769 -27
2366 35
2134 23
2320 28
2330 31
2431 34
2243 34
2319 32
2147 33
1438 -32
1286 -35
1283 -30
1285 -34
1290 -35
1294 -33
1316 -33
1313 -35
1305 -36
1292 -32
1299 -35
1304 -34
1287 -33
1289 -34
1288 -33
1283 -34
1292 -34
1338 -33
1310 -36
1299 -31
1293 -34
1283 -36
1285 -32
1286 -34
1309 -34
1321 -34
1443 -32
1289 -34
1300 -35
1405 -32
1287 -34
1283 -34
1288 -33
1378 -33
1339 -34
1322 -34
1354 -32
1423 -34
1552 -35
1293 -31
1402 -35
1291 -34
1604 -33
1284 -33
1616 -36
1349 -34
1562 -30
1283 -33
1525 -32
1516 -35
1368 -34
1423 -34
1388 -33
1380 -35
1474 -35
1410 -28
1311 -36
2029 -15
1290 -27
1284 -42
1727 -26
1691 -24
1494 -30
1348 -21
1770 -32
1530 -22
1288 -32
1618 -33
1286 -31
1914 -25
1290 -39
1839 -26
1448 -35
1596 -30
1464 -28
1801 -21
1665 -30
1642 -13
1347 -31
1284 -36
1290 -35
1726 -24
1282 -36
1471 -30
1473 -36
2217 -5
1405 -14
1466 -30
1324 -34
1287 -31
1690 -37
1571 -14
1286 -31
1289 -38
1355 -34
1547 -30
1289 -36
1452 -35
1768 -18
1353 -39
1425 -29
1285 -36
1299 -34
1288 -33
1301 -36
1298 -34
1316 -32
1284 -35
1460 -35
1472 -32
1284 -37
1369 -35
1290 -34
1345 -32
1393 -31
1668 -31
1332 -33
1294 -34
1338 -31
1296 -34
1331 -35
1309 -33
1295 -36
1321 -31
1459 -36
1292 -34
1299 -32
1298 -36
1331 -33
1288 -34
1524 -33
1288 -33
1282 -34
1285 -35
1399 -34
1448 -34
1289 -33
1754 -24
1439 -30
1282 -28
1294 -33
1661 -30
1286 -33
1293 -32
1364 -37
1289 -32
1287 -32
1547 -33
1343 -32
1333 -33
1293 -35
1619 -34
1833 -26
1381 -22
1311 -32
1525 -32
1484 -29
1338 -31
1383 -34
1568 -34
1305 -32
1302 -34
1286 -35
1287 -32
1321 -35
1322 -34
1286 -33
1326 -34
1311 -35
1307 -33
1337 -32
1294 -37
1290 -33
1301 -32
1283 -35
1300 -35
1394 -31
1756 -35
1346 -26
1336 -38
1783 -30
1664 -25
1838 -16
1444 -43
1289 -23
1291 -38
1288 -35
1548 -31
1484 -31
1834 -21
1373 -23
1298 -40
1288 -34
1367 -31
1530 -34
1447 -32
1378 -30
1561 -38
1391 -33
1750 -25
2247 31
2141 25
2325 34
2314 32
2441 34
2468 34
2467 33
2380 33
2239 34
1549 -7
1314 -30
1280 -34
1279 -32
1282 -33
1575 -35
1283 -27
1285 -38
1285 -33
1284 -33
2358 8
1542 -4
1862 -11
1872 17
1444 -26
1283 -34
1624 -26
1393 -30
1282 -34
1283 -30
1293 -36
1281 -35
1493 -29
1297 -34
1315 -33
1544 -33
2327 17
2342 30
2215 27
2269 38
2224 26
2275 35
1400 -19
1286 -28
1282 -33
1283 -36
2196 -3
1951 20
1336 -22
1287 -37
1288 -35
1283 -34
1330 -32
2104 -10
2071 34
2308 21
2410 32
2462 28
2418 37
2396 31
2465 35
2453 34
2403 31
2443 35
2460 32
2221 30
1779 17
1282 -28
1287 -39
1862 -20
2273 29
2072 26
1285 -29
1282 -36
1289 -33
1286 -32
1282 -37
1339 -33
1330 -34
1317 -35
1289 -34
1300 -32
1312 -34
1284 -35
2306 -4
2334 37
1601 -7
2236 23
1674 -12
1587 -9
1286 -41
1418 -28
1410 -29
1352 -36
1362 -35
1401 -31
1284 -35
1286 -37
1284 -32
1399 -34
1289 -35
1285 -34
1577 -32
1539 -29
1430 -31
1282 -35
1286 -35
1602 -30
1860 -14
1914 17
1290 -37
1283 -33
1395 -36
1735 -29
1802 -3
1382 -31
1288 -33
1283 -30
2301 -3
2393 34
2367 29
2423 30
2467 38
2469 31
2267 31
1336 -16
1301 -31
1283 -34
1285 -34
2103 -13
1857 18
1379 -35
1286 -32
1283 -36
1294 -35
1289 -33
1284 -34
1285 -34
1287 -33
1586 -34
2392 17
2392 28
2332 34
1502 -5
1285 -33
1285 -35
1289 -32
1285 -36
1291 -32
1634 -36
2284 13
2303 32
2310 27
1543 -1
2312 4
2425 34
2423 34
2465 32
2405 33
2448 36
2455 31
2465 34
2075 30
1291 -34
1294 -34
1286 -35
1296 -33
1288 -36
2011 -17
2395 34
2428 30
2418 35
2457 35
2459 31
2451 34
2445 35
2419 31
2431 33
2424 36
2463 31
2392 34
2392 35
1588 7
1295 -35
1315 -33
1531 -34
2025 7
1441 -31
1285 -29
1286 -34
1282 -36
1285 -32
1287 -35
1658 -34
1613 -9
1645 -32
2351 31
2446 34
2439 35
2465 29
2452 35
2440 35
2405 30
2452 35
2455 35
2461 31
2458 35
2449 35
2459 31
2453 34
2457 35
2470 31
2453 34
2469 35
2471 32
2471 37
2464 34
2465 34
2466 34
2464 34
2466 32
2454 34
2471 35
2452 33
2463 32
2466 34
2460 34
2471 32
2460 35
2470 34
2464 31
2466 35
2465 34
2463 32
2443 34
1784 6
1283 -29
1283 -32
2341 15
2422 33
2450 32
2456 34
2467 31
2442 35
2455 34
2455 30
2466 36
2444 31
2343 33
2457 35
2453 34
2471 33
2453 33
2443 35
2452 30
2463 35
2447 35
2458 30
2410 35
2445 31
2397 33
2449 35
1603 0
1283 -28
2120 -10
2383 38
2456 31
2109 31
1285 -35
1283 -32
1786 -32
2398 39
2454 29
2457 33
2385 33
2448 35
2472 31
2449 33
2437 35
2447 31
2459 34
2456 35
2302 30
1456 3
1286 -33
1302 -34
1283 -35
1286 -33
1307 -33
1479 -36
1929 -8
1298 -34
1282 -34
1287 -32
1285 -35
1284 -34
1287 -34
1290 -34
1287 -36
1292 -33
1561 -29
1315 -34
1282 -36
1286 -30
1289 -36
1283 -34
1286 -33
1286 -36
1282 -34
1300 -32
1307 -34
1427 -35
1683 -31
2427 30
2419 31
2430 32
2424 32
2450 34
2352 32
1287 -20
1458 -28
1776 -27
2454 36
2461 32
2448 34
2449 33
2465 33
2431 34
2395 32
2418 34
2396 35
2397 31
2452 34
2462 33
2440 33
2460 34
2470 32
2458 34
2460 34
2468 31
2474 34
2467 34
2456 31
2437 34
2474 34
2468 32
2449 32
2447 35
2459 32
2448 33
2252 34
1286 -27
1282 -31
1288 -33
1350 -33
1282 -33
1283 -37
1287 -33
1324 -32
1295 -35
1286 -35
1292 -31
1319 -35
1285 -34
1324 -33
1342 -34
1285 -36
1290 -33
1394 -34
2116 3
1404 -22
1283 -32
1572 -35
2411 24
2428 31
2449 34
2463 33
2459 33
2459 34
2472 32
2460 34
2467 34
2468 32
2473 34
2452 33
2465 32
2464 33
2460 34
2467 32
2466 32
2461 35
2475 32
2475 33
2434 35
2470 32
2474 32
2461 35
2473 32
2440 33
2455 34
2453 31
2459 34
2427 35
2414 31
2411 34
2427 35
2332 31
1828 19
1412 -36
1723 0
1283 -33
1317 -34
1293 -35
1285 -31
1292 -36
1285 -33
1287 -33
1289 -34
1286 -34
1288 -33
1311 -34
1286 -35
1287 -33
1940 -21
1328 -19
1279 -32
1333 -33
1286 -34
1294 -34
1386 -35
1671 -23
1295 -33
1283 -29
2341 5
2440 35
2460 32
2444 33
2454 34
2454 31
2419 33
2454 34
2452 32
2473 34
2478 34
2458 32
2469 33
2444 35
2474 31
2469 34
2462 34
2472 32
2463 34
2462 34
2453 32
2469 34
2450 34
2467 32
2436 33
2424 34
2441 32
2433 34
2467 34
2458 32
2382 34
1409 -5
1285 -32
1927 -9
1283 -27
1685 -12
1284 -37
1300 -30
1293 -31
1285 -34
1292 -35
1286 -32
1286 -36
1288 -33
1284 -33
1720 -19
1293 -33
1284 -33
1306 -32
1286 -34
1289 -35
1294 -32
2413 5
2461 32
2463 34
2471 34
2446 33
2471 32
2471 34
2471 33
2476 33
2476 34
2478 33
2477 33
2471 33
2470 34
2464 32
2472 34
2475 33
2476 33
2460 35
2471 33
2465 33
2456 34
2432 34
2253 30
1286 -30
1285 -33
1291 -33
1413 -32
1291 -36
1282 -32
1285 -33
1289 -36
1301 -33
1289 -34
1286 -34
1672 -33
2442 31
2470 30
2472 35
2473 31
2450 34
2457 34
2453 33
2475 33
2468 34
2464 34
2407 32
2465 35
2466 33
2386 32
2423 34
2405 34
2442 32
2406 34
2452 35
1333 -18
2090 -8
2456 38
2471 31
2475 34
2467 34
2474 32
2475 34
2470 33
2476 34
2465 34
2475 33
2466 33
2461 33
2475 34
2468 33
2470 35
2443 32
2426 33
2393 34
2407 33
2414 34
2446 34
2417 32
2352 34
1761 13
1287 -34
1285 -35
1282 -36
1283 -32
1301 -34
1288 -34
1299 -35
1320 -35
1414 -31
1288 -37
1287 -33
1286 -34
1358 -34
1306 -32
1300 -35
1287 -34
1303 -36
1288 -31
1299 -33
1322 -36
1296 -34
1472 -33
2397 13
1880 5
1858 -7
2430 31
2460 34
2470 33
2426 33
2454 33
2466 35
2459 32
2471 34
2459 34
2459 32
2452 33
2425 35
2393 32
1821 -4
1965 24
1636 -10
2230 4
2444 34
2464 32
2463 34
2475 33
2469 33
2475 34
2470 34
2476 32
2475 34
2454 34
2474 32
2469 34
2474 35
2475 31
2474 34
2467 35
2474 33
2469 37
2467 35
2449 33
2460 33
2374 34
1321 -22
1355 -32
1318 -34
1313 -33
1304 -37
1346 -32
1283 -33
1283 -35
1502 -34
1965 -21
2413 33
2447 32
1760 16
1327 -34
1294 -33
1343 -35
2440 18
2428 30
2096 30
1291 -33
1541 -23
1313 -32
2230 -6
2263 22
1677 3
1597 -33
2440 32
1675 -7
2439 25
2439 34
2440 33
1744 -4
2412 31
2404 34
2114 35
1290 -28
1402 -36
1288 -32
1287 -34
1285 -34
1290 -34
1344 -35
1310 -35
1288 -31
1289 -38
1322 -33
1309 -35
1301 -34
1301 -34
1513 -35
1284 -32
1304 -35
1402 -26
1293 -39
1287 -33
1568 -35
1308 -31
1304 -31
1731 -18
1327 -40
1428 -31
1383 -35
1913 -24
2395 33
2418 31
2463 36
2464 33
2467 32
2462 35
2470 33
2467 32
2468 35
2457 34
2458 32
2469 34
2455 34
2465 32
2469 35
2463 33
2469 33
2464 34
2471 34
2458 33
2458 34
2435 34
2470 32
2470 35
1848 20
1424 -36
1725 -11
1284 -35
1284 -34
1738 -31
2469 34
1599 0
1293 -36
1282 -35
1279 -33
1289 -33
1285 -34
1305 -35
1302 -34
1284 -36
1279 -34
1564 -30
2443 28
2461 32
2475 33
2475 35
2463 32
2476 33
2457 35
2464 32
2460 33
2464 35
2462 33
2468 33
2467 34
2465 33
2475 35
2472 37
2468 32
2473 34
2455 35
2463 34
2468 32
2459 34
2467 34
2445 31
2463 36
2475 33
2464 32
2463 36
2467 32
2450 33
2476 35
2475 32
2365 33
1317 -21
1279 -32
1281 -33
1279 -36
1279 -33
1284 -33
1283 -36
1283 -34
1376 -33
2448 19
2454 31
2459 34
2461 34
2477 31
2470 35
2469 34
2476 32
2472 35
2475 33
2475 32
2470 35
2475 33
2470 33
2458 34
2475 33
2475 33
2477 33
2457 34
2473 32
2470 35
2467 32
2459 34
2461 34
2460 33
2470 34
2465 32
2463 32
1976 28
1281 -35
1282 -34
1279 -32
1437 -34
2423 12
2451 31
2458 33
2458 32
2452 33
2454 34
2460 33
2456 32
2460 35
2462 33
2461 32
2461 35
2461 33
2461 32
2461 35
2462 33
2463 33
2463 34
2462 34
2462 32
2460 35
2462 33
2462 32
2462 35
2462 33
2459 33
2462 35
2462 34
2462 32
2463 34
2463 34
2463 32
2463 34
2457 34
2463 31
2462 35
2462 34
2462 32
2462 34
2463 35
2463 31
2463 34
2463 35
2458 31
2462 34
2463 35
2462 32
2458 34
2459 34
2464 32
2463 34
2463 35
2458 31
2454 34
2460 35
2461 31
2461 34
2460 35
2457 32
2462 38
2461 34
2452 33
2460 34
2450 34
2456 34
2462 32
2461 35
2463 34
2461 31
2458 35
2461 33
2462 33
2462 34
2459 34
2461 32
2461 34
2462 34
2462 32
2462 35
2462 33
2462 33
2462 33
2463 34
2463 33
2463 33
2463 34
2463 33
2462 33
2463 34
2462 32
2462 34
2463 34
2462 32
2463 35
2462 33
2462 33
2462 33
2461 34
2461 31
2461 34
2461 34
2462 32
2462 34
2463 33
2463 33
2463 34
2463 31
2462 34
2463 35
2463 30
2463 34
2463 34
2462 32
2462 33
2462 35
2462 32
2460 32
2461 35
2462 32
2462 32
2462 35
2462 32
2462 33
2462 34
2462 33
2463 32
2463 35
2463 33
2464 32
2464 35
2464 32
2464 33
2463 35
2465 32
2464 33
2464 35
2465 33
2465 32
2465 35
2465 32
2465 33
2465 35
2457 33
2462 32
2464 35
2464 33
2464 32
2464 35
2463 33
2464 32
2463 36
2464 32
2463 33
2464 35
2463 33
2463 32
2463 34
2463 34
2463 32
2463 35
2463 34
2464 31
2329 35
1313 -28
1528 -23
2447 21
2421 35
2429 34
2443 32
2454 34
2448 34
2456 33
2456 33
2456 35
2439 33
1468 -2
1279 -32
1280 -36
1281 -35
2117 -8
2107 30
1285 -35
1279 -35
1721 -29
2380 19
2453 28
2453 32
2044 34
1304 -32
1279 -32
1432 -34
2283 2
2383 30
2406 32
2327 33
2411 35
2436 32
2386 33
2407 34
2441 32
2379 34
2342 33
1983 28
1284 -28
1282 -35
1282 -33
1287 -34
1283 -34
1285 -34
1285 -34
1284 -32
1281 -38
1441 -31
1376 -31
1521 -34
1286 -35
1856 -20
1514 -25
1544 -33
1548 -28
2309 8
1413 -7
1285 -33
1284 -33
2037 -11
2275 25
1644 5
1285 -38
2129 -15
2344 33
1680 9
2211 -3
2349 40
2353 29
2269 31
2038 25
1983 29
1369 -48
2333 10
2127 23
1924 -2
1427 -18
1720 -29
2393 30
1857 -7
1516 -25
1920 -22
1554 -17
2009 -3
1656 -9
1598 -20
1893 -23
1454 -33
1283 -29
1808 -22
2181 17
1332 -28
1479 -38
1642 -20
1284 -39
1683 -21
1565 -40
1404 -31
1395 -24
1508 -40
1610 -23
1326 -42
1701 -31
1524 -29
1420 -29
1338 -31
1339 -35
1312 -32
1283 -35
1290 -33
2246 -19
2180 25
2081 12
2261 31
1920 19
1349 -33
2313 4
2081 16
2233 33
2220 26
1387 -29
2006 7
1360 -37
2041 -7
1948 -5
2046 4
2121 16
1584 -7
2172 5
1586 -1
1966 -11
1602 -26
2367 26
1531 -2
1429 -38
1521 -20
1520 -29
1558 -25
2203 -7
1866 20
1952 0
1886 -13
1681 0
1417 -33
1378 -33
1391 -34
1290 -34
2089 -21
1587 -6
1713 -39
1349 -19
1533 -34
1474 -22
2371 11
2354 28
2251 34
2287 29
2398 32
2366 35
2294 24
2309 40
2234 25
2289 30
2313 33
2138 14
1854 21
1283 -31
1476 -36
2354 8
2222 22
2324 34
1724 3
2002 -14
2378 31
2327 35
2257 31
2023 25
1931 4
2250 15
2199 30
2371 34
2348 32
1596 9
2060 -13
1613 0
1450 -35
1871 -24
1303 -17
1342 -35
1391 -35
1794 -29
1285 -33
2255 -14
1832 20
2180 4
2261 26
2099 16
2351 21
2332 29
2028 33
2217 9
2407 34
2176 9
2265 45
2034 17
1328 -36
1288 -31
2236 10
2396 29
2230 26
2339 36
2261 31
2342 32
2389 36
2210 24
2402 35
2289 31
2323 34
2384 35
2164 31
1301 -24
1282 -33
1286 -34
1285 -34
2026 -24
2333 29
2029 8
2227 29
1841 3
2005 -6
2317 32
1551 -5
1417 -36
1279 -31
1280 -33
1285 -35
1283 -35
1283 -33
1287 -34
1285 -34
1288 -34
1297 -33
1282 -33
1484 -34
1987 -17
2347 32
2246 27
2265 26
2323 31
2304 34
2024 26
1565 -21
1628 -36
2025 9
1575 -31
1559 -25
2290 1
2360 34
2207 32
2371 25
2355 32
2347 34
2333 33
1854 10
2339 22
2380 33
1888 9
2241 24
2149 28
2255 26
2377 30
2410 31
2277 35
2187 31
2362 32
2338 27
2390 34
2371 35
2298 31
2347 34
2412 35
2402 31
2389 34
2294 35
2400 31
2394 34
2247 33
2311 27
2396 35
2378 32
2410 33
2416 35
2405 32
2405 34
2401 35
2321 30
2413 34
2371 35
2172 32
2407 34
2392 34
2411 32
2417 36
2370 32
2412 33
2422 35
2412 32
2410 33
2411 34
2410 33
2414 32
2413 35
2412 33
2396 32
2410 35
2406 33
2401 33
2319 32
2407 31
2407 33
2363 32
2414 33
2389 34
2405 32
2381 33
2410 33
2415 34
2404 33
2378 32
2401 35
2372 31
1535 6
1646 -35
2398 37
2408 32
2404 30
2390 32
2402 35
2404 32
2410 32
2389 34
2394 34
2136 31
2121 0
2379 35
2163 31
2276 24
1830 0
1756 1
1347 -30
1281 -27
1844 -36
2017 -7
1973 -1
1361 -26
1281 -27
1515 -36
1982 -7
2313 1
2381 34
1952 32
1513 -27
2363 10
2326 30
1549 -18
2407 24
2410 30
1988 30
1330 -30
1736 -29
2420 33
2417 26
2392 34
2390 31
2325 35
2363 33
2413 31
2403 34
2402 32
2375 33
2372 32
2353 34
2371 30
2395 32
2342 33
2401 31
2399 35
2264 32
1440 -20
2400 21
2422 31
2383 33
2060 23
2295 28
2391 32
2391 32
2372 33
2374 34
2399 32
2422 33
2414 35
2330 32
2163 17
2406 37
2249 32
2389 32
2422 32
2404 33
2385 32
2387 34
2329 30
2430 32
2435 36
2435 32
2433 34
2426 34
2420 32
2419 34
2406 34
2416 31
2423 34
1471 -8
1284 -30
1587 -34
2305 20
2287 21
2405 31
2387 32
2394 34
1760 7
1798 -27
2410 32
2418 31
2415 35
2404 33
2392 33
2408 32
2398 35
2020 10
2135 34
2070 12
2257 23
2394 31
2398 32
2040 20
2406 23
2411 39
2403 32
2389 30
2402 37
1936 18
1286 -31
1277 -33
1279 -32
2232 -18
2388 38
2372 30
2287 31
2337 36
2385 32
2322 31
2205 28
2379 31
2412 36
2392 33
2389 32
2414 35
2399 31
2321 36
2312 32
1713 15
2291 11
2425 30
2380 35
2419 33
2399 32
1715 -9
2390 33
2385 33
2407 33
2285 33
1935 -6
2298 32
2167 15
2407 32
2382 34
2384 33
2394 32
2374 35
2392 31
2395 28
2373 35
2373 34
2126 22
2404 31
2360 34
2362 33
2388 33
2246 33
2344 28
2399 35
2375 32
2370 32
2351 34
2344 33
2397 35
2213 27
2352 29
2341 35
2263 31
1280 -24
1285 -35
2104 -18
2389 32
2393 30
2388 30
2183 19
2357 35
2324 31
1787 1
2408 28
2431 27
2426 33
2406 35
2381 34
2375 31
2380 33
2396 33
1998 15
1866 12
2336 23
2339 29
2363 35
2382 31
2384 34
2401 34
2398 32
2030 24
2360 25
2403 31
2404 31
2389 33
2392 31
2074 25
2429 18
2374 36
2351 30
2389 33
2331 35
2374 32
2384 31
2405 36
2392 32
2397 31
2236 34
2235 27
2380 25
2382 31
2381 37
2394 31
2395 31
2407 36
2367 32
1857 25
1282 -34
1403 -35
2408 15
2283 26
1526 -1
1281 -33
2092 -21
2409 30
2102 32
1279 -32
1280 -27
1723 -29
2363 26
2298 30
2421 25
2384 34
2404 32
2356 33
2335 35
2148 30
2282 25
2399 31
2386 34
2175 25
2369 40
2405 30
2404 33
2364 35
2394 32
2388 33
1804 17
1780 -32
2389 32
1826 21
1870 -21
2389 31
2357 31
2389 37
2018 26
2365 24
2406 31
2375 30
2355 26
2398 39
2415 31
2366 33
2371 35
2415 31
2347 35
2168 33
1497 -31
2244 14
2373 36
2229 28
2387 26
1485 -11
1283 -32
2380 17
2398 25
2377 35
2287 26
2198 29
2037 12
2405 34
2417 33
2382 32
2292 34
2115 16
2272 31
2198 33
2394 31
2417 33
2423 36
2390 33
2423 33
2408 34
2396 35
2381 32
2411 34
2414 34
2409 32
2424 36
2432 32
2440 33
2443 34
2441 33
2442 32
2438 34
2391 34
2396 32
2321 27
2377 37
2353 32
2297 33
1492 -20
2362 27
2189 29
2215 20
2278 33
2296 23
2377 32
2393 34
2195 30
1886 -9
2382 32
2416 34
2397 34
2383 32
2352 33
2369 35
2267 32
2284 9
2320 -28
2495 -27
2495 -31
2495 -28
2495 -32
2495 -28
2494 -31
2495 -29
2495 -30
2494 -30
2494 -28
2495 -30
2495 -29
2494 -29
2495 -30
2495 -29
2495 -31
2494 -29
2494 -31
2495 -29
2495 -31
2495 -29
2494 -29
2495 -31
2494 -26
2495 -33
2495 -27
2495 -31
2495 -28
2495 -31
2495 -29
2495 -31
2495 -29
2495 -30
2495 -30
2494 -29
2495 -30
2495 -28
2495 -30
2495 -30
2495 -29
2495 -30
2495 -29
2494 -31
2495 -30
2495 -30
2495 -30
2495 -30
2495 -30
2495 -30
2495 -29
2495 -31
2495 -29
2495 -30
2494 -30
2495 -30
2495 -30
2494 -31
2495 -29
2494 -30
2495 -30
2495 -27
2495 -32
2495 -27
2495 -33
2495 -28
2495 -31
2495 -28
2495 -31
2495 -28
2495 -31
2495 -29
2495 -28
2495 -32
2495 -28
2495 -31
2494 -28
2494 -31
2495 -29
2495 -31
2495 -28
2495 -30
2495 -30
2495 -30
2495 -29
2495 -30
2495 -27
2495 -32
2495 -27
2495 -31
2495 -28
2495 -31
2495 -29
2495 -29
2495 -31
2495 -27
2495 -31
2494 -28
2495 -29
2495 -30
2495 -30
2495 -28
2495 -30
2495 -27
2495 -32
2495 -28
2495 -31
2495 -29
2494 -29
2495 -30
2495 -27
2495 -30
2495 -30
2495 -29
2495 -31
2495 -29
2495 -29
2495 -31
2495 -28
2495 -31
2495 -27
2495 -32
2495 -28
2495 -31
