2497 -32
2497 -36
2497 38
2497 34
2497 36
2497 30
2497 36
2497 34
2497 34
2497 32
2497 35
2358 24
2405 39
2244 21
2173 35
2302 22
2379 32
2353 32
2084 8
2436 35
2184 26
2389 30
2119 30
1748 -19
2359 31
2196 21
2393 30
2261 31
2172 20
2366 34
1993 26
1775 -6
2324 31
2249 24
2168 22
2067 34
2356 26
2108 10
2200 32
2212 24
2064 24
2223 29
1662 -23
2204 33
2195 26
2144 21
1910 -2
2200 20
2076 7
2189 30
2162 19
2092 0
1936 15
2113 11
2043 34
1966 -24
1937 34
2293 3
2093 1
2038 26
2416 14
2069 2
1988 25
2059 22
1938 -9
2078 8
2109 32
1988 12
2371 19
2047 5
1815 10
2254 30
2034 16
2043 9
2102 30
2163 9
2164 30
2022 20
2177 5
2015 20
2053 25
2190 16
2069 2
2143 28
2031 25
2186 20
2143 -1
2027 22
2082 26
2055 27
2277 5
2036 4
2143 33
2276 17
1994 9
1979 15
2099 16
2136 26
2185 5
2015 13
1848 16
2245 18
2031 15
2098 33
2013 1
2065 20
2200 25
2178 0
1922 19
2166 31
2000 12
2096 14
2093 13
2115 32
2075 -1
2063 13
2088 23
2112 23
2181 21
2133 1
2020 19
1956 29
2089 -3
2000 10
2238 37
2044 16
2221 2
2147 19
2012 19
2284 24
2067 21
2103 3
2181 12
1992 16
2171 33
2014 10
2031 9
2064 25
1976 13
2268 29
1958 8
2065 11
2079 29
1916 13
2138 14
2195 26
2117 15
2063 17
2042 31
2085 6
2155 1
2061 30
2027 14
2008 22
2092 23
2013 3
2024 24
2129 12
1932 20
2020 15
2089 20
2103 23
2089 21
2066 26
2076 3
2008 20
2064 25
2157 1
2059 19
1932 24
2285 4
1925 17
2221 28
1972 14
2010 8
2041 31
2049 19
2224 8
2180 25
1957 7
2081 20
2172 12
2174 16
2080 20
1948 13
2090 12
2040 24
2140 18
2167 19
1940 15
2105 20
2060 15
1989 27
2158 18
2138 14
1975 27
1931 -2
2193 26
2058 25
2172 9
2047 20
2014 24
2022 -1
2192 19
2020 25
2177 11
1979 7
2192 26
2066 21
2138 17
2146 17
2100 12
2014 13
2046 22
1899 14
2127 23
2012 14
2078 10
2023 20
2076 6
2083 6
1973 28
2362 23
1960 28
2072 8
2078 10
2176 28
2006 14
1978 10
2014 26
2201 10
2006 34
1982 11
2083 16
2085 12
2020 18
2260 27
2113 13
2064 18
2065 14
1906 17
2082 16
2089 17
2016 8
2075 14
2060 29
2071 -1
1974 6
2211 30
1987 16
2001 27
2072 19
2030 22
2119 13
2005 20
2051 20
2031 14
1998 19
2178 16
2082 8
2164 21
1843 9
2150 19
2137 12
1980 31
2072 6
1970 19
2031 19
2108 25
2100 17
2107 0
2001 14
2018 25
2100 14
2099 -1
2109 27
2052 20
2035 16
2076 14
2023 14
2163 6
2073 9
2095 32
2140 19
2020 21
2113 -5
2148 38
1953 3
1949 18
2342 19
1963 30
2091 5
2004 7
2091 24
1673 -10
2263 12
2155 18
2085 21
2068 29
2154 6
1926 32
2075 11
2175 7
1892 19
2127 29
2243 6
2015 14
2048 29
2201 17
2041 7
1961 12
2009 16
2035 15
2088 32
2199 7
1942 3
2041 28
2090 20
1951 4
2012 30
2094 -6
2105 25
2217 30
2116 11
2052 11
2062 16
2018 19
1974 18
2094 10
2053 22
2223 10
1954 20
2080 27
2106 16
1928 -1
2140 32
2040 -4
2076 29
1857 17
2189 19
2024 7
2109 12
2051 29
2145 -3
2044 16
2165 33
2251 10
1956 15
2013 20
2082 14
2110 21
2037 5
1973 19
2117 25
2142 2
2048 20
2160 21
2085 8
2019 26
2027 22
2228 5
2255 13
1885 20
2074 18
2171 -2
2059 25
2059 24
2122 -5
2177 29
1941 16
2095 29
2262 1
2068 8
2039 13
2011 19
2013 26
2131 8
2087 9
2033 28
2053 14
2053 19
2065 -4
2130 10
2080 18
2105 24
2033 18
2059 19
2028 19
2019 17
2027 21
2117 4
2052 26
1969 18
1998 30
2131 7
2112 14
2088 11
1989 13
2220 31
2077 10
2010 15
2042 26
2044 20
2017 3
2130 16
2254 18
2081 11
2025 6
2135 20
2033 13
2246 32
2094 20
1937 3
2143 22
2156 24
2029 17
1970 23
2065 7
2113 14
2020 22
2121 15
2072 8
2030 25
2091 14
1998 9
2035 21
2096 22
2015 2
2027 12
2006 8
2075 22
2072 19
2080 24
2132 21
2065 16
2108 17
2158 25
1980 6
2040 12
2105 10
2094 26
1996 14
1969 20
2235 11
1984 12
2031 14
2245 23
1940 15
2006 23
2068 8
2192 14
2098 20
2030 20
2087 9
2078 20
2052 14
2075 15
2099 16
2086 15
2048 31
2102 -1
2037 22
2185 28
2006 18
2060 -4
2019 24
2053 15
2082 26
2183 2
2094 24
2077 14
1960 12
2097 30
2261 14
2033 20
1994 7
1963 10
2129 25
1977 27
2319 10
2167 11
1971 25
2011 15
2096 12
2058 14
1961 8
2114 23
2293 24
1929 14
2031 6
2075 17
2019 17
2075 11
2107 3
2079 20
2062 20
2025 17
2092 21
2049 14
2021 19
2252 20
2121 6
1973 29
2138 6
2146 18
1947 7
2045 16
2094 26
2118 1
2044 12
2094 25
2078 14
2131 6
2168 20
2084 19
1985 2
2127 31
2077 24
2073 16
2034 8
2128 29
2048 15
2132 23
2090 17
2348 16
1922 14
1929 20
2119 0
2021 22
2136 1
2074 12
2150 26
2113 16
2058 11
2166 29
2119 8
2052 12
2259 18
1982 20
2137 6
1976 14
2091 20
2128 17
1995 14
1939 2
2117 33
1989 24
2223 10
2051 8
2081 27
2329 17
1969 3
2129 26
2063 12
2065 25
2198 0
2070 22
2088 23
2087 16
2059 4
2100 26
2189 9
2010 22
2010 12
2111 10
2011 11
2106 33
2162 -7
2015 18
2196 31
2359 12
1974 5
2123 16
2016 11
2086 28
2047 10
1893 1
2285 30
2079 20
1922 15
2066 27
2053 2
2048 20
2013 15
2012 14
1988 25
2141 32
2040 -11
2102 19
2081 22
2037 4
1995 11
2066 19
2134 31
2062 5
1983 11
1981 30
2016 19
2067 5
1945 17
2151 4
2216 31
1955 23
2183 20
1900 11
2250 10
2091 22
2176 11
2040 12
1954 1
2113 17
2038 7
2347 29
1936 29
2168 26
2106 -7
2177 12
2047 15
2376 28
2085 17
1999 29
1952 22
1963 -5
2109 13
2022 36
2366 6
1949 11
1973 16
2082 17
2079 0
2041 19
2092 25
1981 0
2159 30
2075 8
1988 16
1969 -3
2123 25
2186 16
2086 33
1977 12
2079 20
2067 8
1969 15
2096 15
2101 17
2121 19
2111 14
2021 6
1972 20
2156 14
2171 26
2104 19
1921 -1
1963 2
2180 27
2035 19
2137 14
2109 9
2105 20
1970 10
2077 23
2100 12
2181 20
2115 12
1941 4
2121 29
2129 10
2045 19
2252 16
2115 25
2283 11
1967 22
1913 -11
2077 12
2062 27
2038 25
2150 8
2112 26
2018 20
2025 11
2061 5
2118 13
2107 23
2023 20
2065 14
2132 6
2018 14
2036 24
2117 26
1960 2
2047 13
2053 21
2110 19
2139 9
2085 23
1996 17
2073 6
2017 14
2056 18
2127 23
2024 13
2066 23
2055 16
2127 8
2138 4
2118 27
1968 15
2016 26
2055 13
1964 1
2187 24
2032 13
1957 13
2184 14
2059 20
1968 14
2222 24
2106 6
2039 10
2113 18
2002 22
2112 5
2038 17
2071 24
2238 29
2034 25
2240 15
2229 11
2149 12
2150 8
2084 24
2064 5
2028 17
2129 15
2136 21
2088 18
2073 -11
2057 27
2033 15
2043 5
2238 25
2058 7
2124 7
2042 16
2139 13
2110 25
2147 16
2114 24
1967 21
2110 12
2096 1
1982 18
2209 30
2046 18
2151 19
2052 2
2064 32
2053 2
2038 12
2049 32
1964 22
2135 -3
2111 18
1998 16
2197 28
1996 9
2069 13
2021 20
2076 8
2110 16
2104 16
2132 18
2052 16
2128 18
2087 13
2137 23
2007 23
2043 19
2129 -7
2048 21
2086 19
2131 17
2149 33
2028 11
2072 21
2102 2
2070 9
2177 26
1926 6
2148 21
2126 9
2017 19
2168 17
2014 29
2138 5
2042 17
2014 30
2067 7
2099 21
2073 1
1953 6
2118 20
2069 18
2104 12
2111 26
2187 22
2012 3
2110 19
2087 23
2067 5
2085 26
1969 3
2104 26
2068 10
2020 20
2075 15
2081 5
2076 28
2024 17
1974 11
2208 11
2010 19
2120 9
2181 23
1979 7
2029 23
2046 19
2087 3
2187 32
2039 13
2120 31
2009 17
2069 -3
2126 26
2136 2
2033 26
2154 14
2062 12
2023 24
2078 2
2085 29
2189 0
1996 20
2041 26
2047 0
2045 14
2085 31
2150 19
2101 3
2022 14
2148 18
1925 15
2120 20
1978 6
2209 20
2091 12
2032 20
1958 15
2092 13
1978 10
2243 24
1973 8
1977 19
2057 26
2071 -1
2022 26
2190 15
2064 8
2061 25
1941 9
2084 29
2161 1
1955 16
2119 14
2154 19
2006 11
2057 8
2115 27
2088 20
2100 21
1999 19
2238 10
2048 11
2092 22
2167 30
1939 8
2100 17
2021 23
2175 17
2119 23
2055 19
2110 5
1984 6
1954 15
2176 20
2104 19
2081 12
2016 5
2186 30
2201 13
1990 15
1985 21
2029 7
2041 7
2166 30
1935 13
2203 14
1975 18
2186 21
2023 14
1984 11
2068 20
2087 9
1992 7
2138 24
1993 25
2031 7
2011 13
2205 26
2180 24
2083 14
1989 25
2124 -9
2020 19
2090 15
1954 4
2108 16
2045 25
2280 8
2019 17
2005 24
2045 18
2061 8
2075 15
2170 31
1966 4
2192 27
2006 20
2124 10
2101 18
2032 18
2042 22
2037 5
1980 21
2225 14
2065 25
2068 5
2068 19
2121 25
1926 0
2119 19
2050 21
2079 14
2090 28
2120 13
2103 12
2207 14
2036 25
2106 6
2000 5
2008 19
2064 11
2199 19
2077 15
1993 16
2068 27
2169 22
2038 -4
2003 18
2074 22
2082 4
1966 12
2170 28
1932 7
1982 15
2162 3
2132 19
1988 13
2145 25
2133 18
2010 0
2121 27
2003 20
2048 0
2071 24
1994 -1
2136 26
2055 21
2091 14
2054 16
2031 24
2070 10
2105 14
1969 25
2243 5
2031 15
2083 21
1978 6
2109 14
2175 26
2076 25
2176 22
2000 -7
2181 18
2060 16
2053 19
2012 25
2132 1
1989 29
2055 -4
2050 15
2043 25
2165 15
2177 13
2107 24
2026 17
2088 4
2102 28
2118 19
2013 5
1996 4
2096 15
2025 16
2014 10
2015 19
2054 25
2027 6
1980 4
2129 26
2116 10
2031 21
2100 19
2022 9
2177 11
2109 19
2095 16
1977 14
2049 20
2168 28
2127 17
2080 13
1995 7
2105 27
2154 13
2097 16
2148 10
2044 14
2142 30
2133 12
2129 24
2142 30
2179 9
2024 7
2109 18
2225 30
2214 6
1868 21
2174 2
2063 17
2091 20
2241 13
1925 3
2029 28
2297 5
2006 21
1960 6
2156 24
1957 3
2110 25
2233 22
1972 11
2038 26
2062 16
2197 11
1986 27
1996 1
2160 6
1974 21
2020 28
2149 5
2152 21
1955 10
2051 13
2020 19
2085 24
2033 1
2133 23
2075 21
1991 11
2216 27
1998 16
2022 3
2114 33
2225 -2
1973 28
2129 1
2110 18
2003 25
2265 21
1983 19
1986 2
2126 18
2147 15
2004 14
2052 31
2193 6
1844 16
2191 -1
2103 20
2221 34
2052 15
2056 23
2146 10
2081 10
2049 19
2013 18
2161 20
2098 11
1971 19
1971 19
2004 3
2015 13
2045 0
2084 11
2075 21
1990 23
2146 18
2167 7
1935 16
2113 30
2042 25
2011 -5
2209 5
2103 22
1982 25
2117 1
1998 19
2043 8
2093 11
2190 26
2156 28
2068 19
1901 6
2055 29
2038 9
2094 17
2107 17
2006 3
2015 29
2104 -3
2109 24
2036 15
2075 2
2078 9
2114 27
2017 8
2068 19
2128 6
2102 19
2025 9
2061 25
2111 11
2094 20
2093 4
2016 10
2121 26
1964 0
2119 29
2114 11
2021 25
2017 9
2076 17
2080 8
2118 17
2100 1
2091 18
1958 15
2116 24
2009 20
2145 14
2118 16
1974 11
2013 -1
2158 31
1988 5
2158 26
2091 18
1943 12
2120 10
2155 24
2054 18
1998 0
1959 4
2070 8
2102 7
2035 23
2109 14
2105 22
2141 16
2012 6
2217 21
1993 16
2093 8
1942 22
2111 -1
2213 25
1999 26
1898 14
2171 0
2078 20
2050 15
2058 26
2089 13
2024 12
2170 18
1968 -3
2112 19
1724 -19
1279 -25
1186 -30
1443 -34
2175 7
2219 33
2130 34
2130 29
2026 30
2093 7
2023 15
2043 11
2087 22
2087 19
2000 16
2052 10
2018 20
2104 11
2022 14
2129 20
2009 15
2031 20
1995 1
2151 25
1990 15
1982 6
2071 8
2125 20
2005 16
2130 14
2147 26
2087 24
2074 11
2101 12
2042 7
2074 15
2135 22
2055 20
2013 7
2162 17
2036 18
2096 9
2089 27
2082 34
2126 26
2081 5
1965 10
2173 0
2059 24
2077 9
2035 19
2018 8
2022 9
2119 23
2087 19
2163 20
2024 16
2170 17
2050 21
2009 2
2150 27
1968 -2
2082 28
2020 -14
2128 13
2075 26
2078 7
2021 13
2022 16
2117 10
2160 9
2073 23
1925 20
2038 3
2103 14
1980 11
2114 19
2064 26
2123 -3
2079 19
2053 21
2009 13
2070 5
2070 21
1989 13
2048 20
2167 20
2029 9
2043 11
2133 12
2083 12
2040 18
1980 4
1704 -1
2162 2
2103 15
2029 20
2065 14
2158 10
2044 26
2068 8
2040 8
2131 19
2077 6
2057 24
2192 18
2040 21
2052 4
2099 28
2065 2
2063 17
2036 33
2110 -23
2085 18
2101 21
2254 13
1994 12
2058 17
2107 17
2050 5
2114 22
2065 4
2149 22
1996 7
2061 2
2163 27
2038 11
2024 7
2157 27
2076 6
2034 17
2133 24
2002 -2
2038 14
2072 18
2127 26
2068 14
1989 -3
2187 23
2076 20
2006 25
2196 -1
2052 19
2117 21
2011 25
2145 0
2076 30
2119 -2
2097 26
2101 3
2151 22
2145 28
2085 -7
2036 35
2084 10
2031 24
2130 18
1954 -4
2096 16
2107 26
2047 9
2075 27
2093 6
2042 7
2119 25
2232 22
2002 12
2096 14
2033 24
2149 -6
2097 27
2028 22
2041 6
2065 5
2106 34
2042 -5
2123 7
2009 6
2251 19
1995 20
2083 11
2066 24
2048 10
2032 5
1996 24
2135 4
2049 17
2023 8
2124 19
2044 6
2061 31
1977 -10
2173 21
2043 19
2102 22
2073 7
2097 18
2039 7
2151 19
2021 9
2072 26
2126 19
2026 2
2107 25
2106 7
2086 20
1969 4
2068 21
2055 18
2124 13
2111 19
2019 9
2015 25
2151 14
2125 26
2050 25
2069 -13
2023 6
2130 19
1977 21
2110 -1
2009 30
2047 4
2073 15
2057 1
2011 35
2180 -9
2008 22
2099 4
2099 8
2114 27
2072 3
2086 14
2027 15
2039 14
2034 28
2201 11
1989 14
2036 13
2028 9
2114 19
1989 17
2116 20
2174 22
1982 12
2076 9
2064 17
2148 13
2106 28
2174 15
1991 5
1967 6
2200 15
2075 18
2227 20
1995 16
2115 20
2156 22
2023 19
2033 -2
2064 -1
2118 6
2138 7
2053 23
1982 12
2069 12
2089 1
2074 24
2104 16
2053 0
2085 12
2069 24
2202 14
2049 5
2012 20
2073 2
2063 21
2004 22
2091 -8
2075 18
2104 24
2043 12
2096 25
2064 -6
2064 28
2006 7
2136 5
2042 10
1986 20
2097 5
2114 12
2127 33
2116 7
2097 8
2106 31
2038 2
2105 22
2050 6
2155 31
1953 10
2084 -2
2096 29
1991 12
2084 21
2054 10
2134 11
2092 17
2116 20
2176 7
2014 15
2055 26
2072 6
2055 14
2041 27
2149 5
2072 4
2110 18
2066 16
2096 -2
2138 16
2089 21
2012 3
2121 24
2134 25
2064 -2
2048 15
2128 18
2121 19
2031 10
2015 20
2163 -5
2083 26
2054 19
1999 21
2052 25
2076 -12
2103 24
2018 9
2117 -1
2121 24
2108 10
2021 15
2032 7
2131 29
2117 23
2023 0
2133 13
2090 8
2044 15
2093 25
2084 5
2107 19
2021 8
2042 8
2082 29
2129 11
2063 14
2086 6
2081 13
2092 27
1985 16
2079 12
2077 -2
2065 -1
2119 26
1508 -4
1652 -25
2200 9
2146 34
2081 6
2117 29
2104 9
2065 22
2084 9
2098 20
2058 8
2023 13
2121 20
2081 30
2107 2
2026 13
2100 10
2014 21
2038 15
2054 9
2058 28
2089 -9
2112 11
2225 11
2124 25
1442 -5
1641 -26
2122 9
2167 33
2185 22
2089 9
2031 15
2116 17
2108 10
2050 16
2104 6
2053 12
2115 7
2016 28
2173 6
2148 25
2071 29
2175 16
2117 15
1990 18
1996 3
2041 13
2020 28
2121 -3
2175 30
1927 14
2083 13
2069 8
2066 6
2123 12
2017 18
2168 10
2154 23
2123 11
2141 16
1895 23
2151 19
2045 7
2065 1
2084 19
2121 9
2083 15
2103 12
2083 17
2087 7
2028 20
2044 16
2144 18
2095 7
1939 10
2218 14
2093 20
1983 21
2133 20
2075 4
2112 16
2163 7
2081 27
2051 5
2045 -2
2121 32
2097 15
2130 10
2001 20
2113 -5
2090 20
2072 24
2141 10
2041 3
2004 20
2218 11
2118 9
2097 19
2019 24
2079 3
2128 28
2130 12
2026 14
2133 16
2025 2
2114 17
2108 9
2095 28
2116 11
2013 19
2135 5
2145 18
2098 23
2008 1
2099 13
2083 25
2034 25
2103 21
2046 6
2151 22
2081 2
1977 12
2155 3
2129 35
1941 2
2132 4
2052 10
2146 20
2063 10
2073 20
1999 15
2133 19
2047 7
2058 14
2081 20
2140 7
2013 6
2099 22
2117 21
1957 0
2141 21
2086 22
2076 8
2116 33
1991 9
2091 22
2137 26
2066 8
2019 15
2239 9
2052 5
2110 15
2222 25
2167 23
1984 7
2102 12
2080 3
2130 20
2145 27
2055 10
2137 8
2152 21
2098 8
2045 33
2072 -1
2065 1
2180 20
2045 14
2006 27
2156 18
2034 1
2074 19
2144 12
2139 3
2089 25
2054 3
2086 15
2056 18
2139 -15
2103 33
2037 19
2043 13
2117 5
2009 -2
2144 -1
2160 27
2061 20
2093 -6
2152 18
2085 11
1989 18
2073 5
2049 15
2120 2
2114 16
2091 20
1985 2
2131 33
2013 0
2131 21
2075 15
2112 19
2103 10
2170 22
2066 14
2059 10
2110 29
2074 5
2038 16
2071 30
2042 -15
2171 15
2055 13
2112 4
2143 26
2069 25
2021 16
2131 1
2107 20
2067 10
2062 19
2122 7
2070 20
2028 25
2136 7
2073 3
2191 18
2149 25
2061 10
2098 12
2120 27
2153 15
1908 26
2094 10
2145 6
1979 11
2121 2
2101 26
2064 12
2079 18
2127 20
2045 21
1960 14
2244 14
2049 14
2015 6
2072 21
2114 13
2104 27
2092 -13
2065 30
2174 13
2096 7
2070 19
2173 25
2098 13
2051 3
2009 14
2109 0
2167 19
2106 27
2099 23
2205 10
2024 26
2021 3
2152 25
2096 -3
1997 9
2063 7
2117 17
2106 3
2157 28
2095 5
2059 20
2036 7
2085 12
2102 17
2103 23
2056 3
2038 13
2075 12
2131 16
2121 17
2046 11
2213 16
2064 13
2094 5
2180 20
2015 11
1990 16
2181 3
2114 16
2084 38
2204 21
2068 2
2123 9
2099 14
2147 9
2100 11
2124 14
2034 -3
2187 34
2069 21
2052 16
2052 -1
2206 30
2053 7
1999 4
2182 29
2116 15
1975 21
2134 6
2109 11
2100 31
2124 0
2034 19
2223 18
2184 6
2063 24
2055 12
2114 10
2109 21
2023 23
2220 20
2046 6
2116 26
2000 7
2131 30
2268 9
2067 6
2052 28
2085 -4
2061 28
2108 22
2002 -8
2147 28
2015 -5
2123 27
2081 15
2105 8
2167 29
2042 -9
1997 20
2176 0
2103 28
2006 2
2183 14
2053 13
2057 4
2120 17
2115 29
2077 22
2106 6
2178 14
2005 17
2057 10
2091 18
2032 18
2166 27
2274 10
1926 -1
2206 -3
2052 23
2195 6
2060 21
2134 25
2048 14
2089 22
2001 5
2202 25
2081 13
2014 6
2044 13
2112 16
2101 2
2063 20
2215 27
1986 -3
2079 14
2109 26
2066 -11
2080 32
2055 0
2143 15
2124 22
1999 28
2119 1
2150 26
2051 16
2114 21
2169 22
2118 19
2074 2
2022 4
2138 31
1999 15
2075 0
2016 19
2102 1
2163 1
2163 20
2088 17
2148 28
2042 6
2097 29
2153 3
1922 2
2141 12
2011 18
2044 7
2098 18
1993 0
2198 20
2013 26
2100 5
2097 4
2070 10
2057 7
2127 13
2093 14
2015 25
2162 8
2100 6
1930 18
2039 16
2311 19
2046 12
2090 28
2118 20
2010 4
2047 22
2059 -9
2129 33
2141 13
2231 14
1972 24
2063 9
2170 5
2142 25
2115 16
2091 3
2098 37
2096 5
2018 -1
2129 19
2171 14
2055 6
2087 11
2145 23
2124 23
2056 18
2127 5
2098 16
2052 5
2221 33
2052 16
2081 -16
2130 21
2019 -3
2227 18
2058 30
2103 -5
2127 9
2130 22
2116 13
2004 -2
2098 30
2198 28
2112 19
1987 15
2199 15
2025 -4
2074 6
2106 14
2035 20
1972 1
2119 30
2142 -1
2045 36
2056 1
2139 16
2104 12
2062 17
2101 14
2041 4
2084 24
2218 3
2135 23
2073 24
2074 10
2083 -4
2064 14
2039 3
2166 29
2052 14
2017 16
2149 10
2137 -2
2105 36
2066 18
2096 0
2071 19
2128 23
1981 -9
2107 4
2107 5
2049 17
2068 35
2081 4
2073 12
2047 16
2046 12
2120 7
1996 7
2143 22
2055 7
2052 18
2076 13
2112 14
2083 5
2008 22
2137 7
2037 4
2088 25
2161 29
2139 12
2023 28
1983 -15
2113 18
2042 12
2110 19
2059 7
2091 14
2188 6
1987 28
2185 11
1976 10
2158 25
2059 0
2097 25
2179 10
2017 11
2052 17
2061 -2
2108 23
2148 18
2060 6
2117 6
2113 32
2030 9
2108 18
2143 6
2119 16
2126 5
2124 21
2031 17
2153 8
1991 27
2026 -1
2171 16
2115 16
2052 10
2030 12
2110 15
2148 -1
2044 11
2119 23
2080 7
2065 10
2020 17
2225 0
2036 27
2098 7
2183 25
2055 2
2070 23
2032 2
2162 31
2019 14
2097 1
2110 10
2102 28
2101 5
2097 12
1954 15
2124 3
2104 14
2066 24
2079 4
2143 13
2030 20
2156 18
2008 8
2107 20
2101 0
2018 13
2184 18
2061 13
2105 21
2072 13
2208 27
1954 -9
2211 24
2032 20
2125 16
2011 19
2094 -2
2208 19
2042 9
2044 14
2162 25
2231 19
1979 10
2062 2
2085 23
2195 5
2224 25
2015 14
2032 9
2028 -1
2093 13
2145 1
2113 20
2131 20
2014 7
2114 13
1999 6
2101 16
2101 24
2088 1
2119 4
2061 11
2014 19
2158 30
2110 2
2086 9
2139 24
2112 14
2100 0
2044 28
2144 3
2123 11
2085 28
2053 17
2085 15
2065 2
2044 1
2187 10
2138 19
1970 26
2157 0
2154 31
2070 0
2160 24
2088 9
2046 27
2117 14
2019 16
2177 -3
2085 23
2179 9
1997 11
2144 2
2142 24
2075 13
2154 9
1991 14
2106 -14
2197 31
2002 16
2156 9
2128 15
2226 20
1958 5
2034 27
2206 0
2124 14
2114 26
1948 15
2178 18
2043 -9
2094 8
2121 7
2109 11
2196 23
2085 19
2041 14
2165 27
2019 0
2027 17
2137 -2
2051 21
2077 29
2146 -10
2033 21
2127 7
2088 13
2038 13
2050 26
2151 9
2122 16
2073 2
2056 18
2284 23
2172 18
1940 6
2209 15
2068 7
2057 18
2090 -3
2164 30
2179 7
2059 14
2137 33
2098 -1
2074 9
2132 19
2075 11
2140 10
2171 20
2056 -1
2097 10
2164 17
2112 13
2054 18
2152 14
2132 13
2004 20
2044 3
2070 23
2136 24
2023 16
2193 4
2046 7
2040 8
2170 30
2066 14
2101 10
2113 27
2076 9
2171 12
2012 6
2102 33
2147 5
2158 18
2064 16
2146 25
2010 7
2106 5
2038 24
2073 13
2024 8
2160 19
2007 25
2060 -6
2063 23
2186 4
2084 3
2137 37
2205 12
2120 24
2021 5
2049 0
2069 2
2191 15
2095 7
2161 20
2123 14
2059 22
2160 27
2078 11
2117 16
2075 2
2103 13
2120 31
2068 13
2184 4
2015 0
2166 10
2181 16
2073 8
2150 23
2080 22
2123 6
2058 14
2140 -2
2153 26
2126 12
2103 18
2086 12
2109 20
2199 22
2185 18
1927 0
2212 19
2063 20
2151 2
2163 19
2112 25
2014 2
2088 24
2066 9
2126 7
2127 24
2070 27
2122 4
2030 17
2147 1
2114 28
2195 13
2055 5
2104 26
2152 19
2033 15
2098 -5
2139 18
2033 13
2180 12
2130 16
2093 12
2109 22
2128 4
2180 13
2134 18
2086 17
2153 19
2172 26
2057 -11
2095 10
2141 16
2153 8
2099 17
2133 5
2279 39
2004 -2
2016 -3
2158 16
2104 11
2033 12
2122 22
2062 25
2111 -8
2049 19
2199 0
2197 19
2043 18
2102 22
2197 14
2068 11
2061 25
2021 -5
2215 15
2005 30
2076 -6
2101 16
2079 3
2077 4
2029 28
2236 10
2149 1
2220 33
2077 11
2096 19
2069 16
2211 14
2232 23
2096 7
2043 14
2251 31
2152 0
2037 0
2233 31
2278 21
2032 26
2099 2
2061 2
2265 26
2006 -7
2163 21
2177 27
2180 2
1935 20
2181 3
2062 18
2092 28
2124 24
2069 17
2153 18
2320 6
2012 0
2074 30
2166 2
2015 8
2157 18
2257 11
1764 -8
2218 31
2222 10
2167 8
2017 3
2023 23
2207 25
2110 -5
2034 17
2151 27
2272 0
2196 10
2198 22
1884 22
2130 -6
2087 13
2061 19
2259 2
2042 14
2047 -9
2091 8
2076 -5
2052 25
2128 14
2150 11
1925 3
2094 7
1986 3
2170 0
2198 25
2052 7
2109 13
2117 2
2010 2
2144 -6
2142 24
2128 10
1993 16
2197 30
2118 -10
2052 0
2134 23
2069 9
2044 8
2146 4
2006 25
2124 -13
2078 22
2158 22
2177 8
2042 27
2043 -1
2123 5
2137 22
2083 9
2127 14
2103 25
2123 4
2178 7
2059 24
2008 -10
2222 2
2075 27
2118 2
2073 22
2151 14
2143 0
2129 34
2170 -12
2088 38
2245 11
1994 9
2215 13
2034 2
2259 13
2020 21
1510 -18
2223 -2
2173 24
2155 9
2037 17
1929 0
2143 13
2094 7
2146 20
2207 11
2116 27
2159 21
2016 7
2141 -5
2024 30
2268 -3
1993 22
2196 19
2245 20
2080 1
2026 20
2063 26
2118 20
2195 -15
2080 25
2064 -1
2157 5
2068 22
2048 10
2071 2
2050 26
2160 1
2120 23
2082 9
2155 28
1988 -9
2171 17
2078 7
2097 11
2153 3
2143 27
2154 16
2145 -2
2086 19
2053 15
2075 -4
2138 20
2174 19
2051 14
2118 18
2109 18
2097 -7
2180 36
2082 -3
2246 28
2132 15
2071 20
2037 4
2243 27
2042 10
2102 27
2123 -2
2058 12
2173 8
1999 2
2186 37
2107 7
2107 0
2100 29
2235 5
2059 6
2099 28
2124 11
2054 1
2119 23
2035 30
2141 -8
2024 26
2148 8
2096 12
2134 19
2171 17
2184 26
2166 8
2115 21
2171 26
2247 6
2099 17
2033 4
2085 13
2164 19
2052 12
2203 15
2015 6
2102 9
2282 29
2044 10
2120 7
2056 33
2071 18
2204 -5
2119 18
2109 15
2081 20
2119 11
2107 -6
2013 29
2173 -6
2153 15
2086 27
2128 -5
2099 10
2120 19
2117 12
2105 10
2114 18
2123 1
2113 10
2154 0
2155 30
2032 4
2111 8
2099 16
2042 29
2216 10
2080 -2
2123 9
2069 19
2257 16
2071 10
2102 7
2291 25
2042 13
2081 12
2177 32
2141 -1
2062 22
2230 13
1941 16
2045 -1
2193 21
2059 26
2027 -4
2198 29
2098 16
2215 26
2074 20
2273 6
2032 14
2044 7
2058 13
2116 0
2176 11
2093 28
2231 14
2091 17
2066 13
2066 25
2271 15
2008 10
2198 18
2025 18
2144 5
2147 14
2170 25
2140 20
1954 -5
2107 21
2167 0
2170 20
2066 14
2048 13
2211 10
2167 2
2143 31
2106 7
2255 13
2044 5
2105 1
2188 30
1991 0
2168 18
2158 22
2260 8
2039 16
2186 10
2136 11
2056 22
2125 11
2058 6
2369 30
2033 26
2321 1
2149 12
2162 11
2038 20
2049 -14
2281 33
2042 2
2106 28
2138 -12
2235 23
2138 13
2037 1
2033 17
2260 10
2080 25
2253 28
2236 9
2116 11
1997 6
2121 30
2173 5
2125 19
2175 20
2057 5
2031 2
2163 29
1988 -13
2236 29
2092 8
2156 9
1925 10
1975 -5
1765 -24
2119 1
2075 4
2140 16
2000 0
2044 4
2086 -4
2098 0
2018 1
1377 -24
1783 -25
2185 14
2146 15
2067 7
1311 -21
1896 -23
2225 10
2167 11
2147 24
2066 13
1760 -3
1187 -38
1181 -30
1972 -15
1847 2
1183 -38
1799 -25
2159 2
2177 13
2164 23
2141 16
2102 31
1610 -5
2061 -10
2146 11
2144 8
2080 10
1324 -20
1602 -28
1702 -13
1731 -33
2126 8
1556 0
1220 -32
1517 -17
1183 -39
1393 -28
1189 -33
1398 -30
1510 -31
1190 -33
1467 -31
1869 -10
1890 -12
1346 -35
2122 -13
1777 -15
1682 -21
1650 -12
1491 -33
1182 -32
1194 -33
1784 -31
1593 -15
2129 -7
2132 19
2192 26
1890 3
1831 3
1183 -32
1188 -32
1368 -35
1887 -10
1182 -37
1191 -33
1182 -33
1325 -29
1806 -30
1211 -34
1237 -29
1191 -37
1527 -33
1479 -27
1756 -3
1489 -37
1323 -30
1249 -37
1638 -17
1678 -18
1449 -33
1529 -19
1187 -33
1184 -34
1347 -33
1787 -2
1605 -31
2085 12
2044 24
1259 -35
1182 -39
1184 -28
1183 -37
1593 -33
1797 7
1352 -39
1188 -34
1890 -27
1540 -4
1294 -31
1184 -32
1182 -32
1647 -25
1240 -40
1314 -31
1493 -29
1183 -34
1186 -35
1183 -34
1183 -31
1185 -36
1460 -31
1523 -28
2101 3
1184 -24
1188 -27
1187 -34
1428 -26
1286 -33
1187 -35
1264 -29
1187 -34
1330 -34
1184 -32
1472 -31
1183 -31
1291 -34
1329 -35
1181 -29
1195 -33
1181 -35
1182 -32
1184 -34
1412 -26
1239 -36
1181 -36
1183 -34
1305 -33
1184 -34
1186 -33
1181 -34
1183 -34
1194 -32
1184 -34
1190 -34
1181 -33
1284 -34
1376 -19
1183 -35
1196 -32
1181 -36
1698 -24
1184 -37
1182 -30
1807 -22
1512 -14
1667 -26
2180 29
2190 26
2199 32
1228 -17
1183 -29
1738 -26
1653 -6
1181 -42
1184 -31
1367 -30
1502 -30
1183 -26
1184 -37
1194 -31
1670 -12
1194 -47
1182 -27
1192 -32
1180 -34
1566 -18
1177 -34
1181 -33
1188 -35
1589 -29
1190 -36
1182 -31
1182 -38
1188 -32
1185 -33
1521 -30
1256 -30
1184 -35
1970 -6
1689 -1
1181 -33
1427 -34
2204 7
1668 -8
2212 24
2287 34
2214 26
1712 2
1642 -23
2205 31
2252 27
2267 35
1929 28
2167 9
2221 35
1740 7
1182 -27
1182 -34
1183 -34
1240 -33
1787 -9
1183 -34
1331 -35
1819 -6
1561 -30
1993 16
1633 -26
1174 -33
2019 -16
1766 11
1178 -40
1188 -34
1403 -36
1186 -32
1185 -34
1184 -34
1189 -34
1180 -33
1181 -35
1404 -33
1280 -28
1183 -37
1365 -26
1180 -39
1752 -20
1192 -30
1183 -38
1184 -34
1280 -33
1179 -34
1933 -10
1181 -24
2029 -18
2211 32
2228 35
2246 29
2287 34
2296 35
1475 1
1181 -31
1186 -35
1182 -34
1185 -33
1186 -34
1381 -31
1437 -36
2227 3
1432 0
1182 -34
1355 -35
1511 -28
1181 -30
1183 -36
1226 -35
1445 -26
1181 -32
1470 -34
1540 -33
1265 -22
1185 -34
1747 -21
1439 -25
1182 -41
1181 -33
1186 -30
1180 -37
1181 -37
1197 -29
1272 -37
1176 -35
1181 -31
1180 -34
1184 -35
1181 -34
1182 -32
1243 -36
1182 -33
1240 -32
1181 -35
1181 -36
1180 -33
1188 -34
1178 -34
1267 -32
1367 -34
1550 -19
2014 -14
2270 34
2261 32
2252 31
2250 32
2035 32
1421 -28
1237 -20
1256 -30
1182 -31
1186 -37
1183 -33
1306 -30
1184 -34
1444 -29
1182 -31
1255 -36
1504 -21
1461 -28
1270 -34
1180 -35
1181 -31
1212 -35
1210 -36
1475 -31
1313 -24
1182 -36
1183 -32
1315 -33
1307 -30
1188 -35
1277 -30
1209 -32
1180 -32
1181 -35
1182 -34
1244 -32
1186 -36
1186 -33
1401 -30
1180 -34
1333 -32
1218 -34
1183 -35
1640 -26
1239 -25
1377 -33
1178 -27
1972 -15
1268 -20
1834 -25
2212 29
1502 2
1754 -23
2250 27
2296 31
2277 34
2302 30
2325 35
2326 33
1539 8
1178 -34
1181 -33
1181 -33
1184 -34
1240 -34
2060 -8
1256 -16
1303 -31
1442 -21
1180 -32
1194 -35
1388 -33
1182 -28
1187 -35
1246 -34
1186 -33
1310 -34
1190 -34
1442 -35
2318 29
2225 28
2322 28
2308 35
2310 33
2411 31
2248 27
2296 38
2296 34
2274 34
2280 32
2284 34
2307 34
2195 31
2297 35
2324 32
2328 31
1489 5
1227 -33
1787 1
1172 -34
1536 -26
2254 7
1403 -1
2058 1
1927 14
1177 -27
1183 -35
1582 -32
1251 -26
1336 -35
1183 -32
1186 -34
1696 -15
1177 -34
1183 -35
1398 -30
1246 -31
1180 -35
1186 -34
1258 -32
1245 -34
1176 -35
1182 -34
1198 -32
1196 -37
1298 -32
1539 -33
2337 21
2319 31
2237 35
2300 25
2440 35
2447 34
2449 31
2402 35
2336 34
2379 31
2386 35
2402 34
2370 32
2361 34
2346 35
2326 31
2326 34
1789 16
1181 -35
1180 -29
1183 -36
1206 -35
1764 -26
2094 31
1742 -12
2310 31
2269 35
2296 34
2336 30
2197 35
1424 -32
2260 28
2358 31
2271 35
2320 32
1749 9
1720 -20
2274 35
1658 -14
1576 2
1181 -27
1263 -36
1833 -16
1664 -11
1674 -7
2053 20
2292 23
2048 32
1181 -28
1262 -38
1451 -30
2207 18
2227 29
2294 32
2278 35
1478 1
1342 -38
2279 28
1322 -14
2126 -4
2292 26
2284 36
2319 33
2235 34
1175 -19
1459 -35
2190 1
2263 30
2208 35
1959 27
1183 -34
1472 -33
1917 20
1318 -40
2292 26
2339 32
2324 31
1890 31
1180 -40
1737 -25
2311 28
1608 4
1181 -35
2261 13
2307 31
1958 30
1400 -35
2324 34
1525 2
1382 -20
1181 -35
1183 -32
1770 -21
2254 30
2330 30
1524 -3
2294 17
2319 33
1647 10
1947 -10
2288 34
2284 31
1420 2
1185 -37
1181 -30
1288 -34
2297 17
2327 30
2294 32
2325 34
2352 34
2366 31
2288 35
1529 -9
2369 29
2299 26
2386 34
2391 33
2385 33
2366 33
2390 35
2306 32
1171 -19
2006 -10
2382 33
2392 31
2439 34
2376 33
2365 32
1837 28
1171 -36
1757 -22
2078 2
1338 -5
1183 -31
1183 -34
1184 -35
2021 -14
1464 -15
1181 -33
1182 -32
1182 -34
1180 -32
2070 -7
2311 34
2022 31
1374 -29
1174 -28
2192 -2
2350 34
2323 35
2290 31
2140 34
1412 -27
2383 33
2206 19
2374 35
2301 34
2408 31
2228 32
2339 36
2393 31
2329 32
2374 35
2332 33
2405 31
1861 26
1177 -26
2011 -13
2297 36
2319 29
1735 20
1225 -34
2326 7
2305 31
1207 -14
1182 -28
1187 -33
1268 -34
1470 -29
2281 7
2300 33
2354 29
2365 32
2342 33
1175 -17
1336 -29
1217 -33
1180 -33
1181 -35
1181 -33
1762 -24
2298 22
1487 6
1182 -35
1184 -34
1712 -22
1479 -7
1232 -26
1178 -34
1179 -36
1179 -33
1194 -33
1319 -35
1182 -34
1182 -33
1323 -33
1384 -17
1183 -37
1185 -31
1666 -21
2260 10
2287 36
2354 31
2385 34
2447 34
2446 31
2421 34
2445 35
2446 33
2446 32
2445 35
2444 31
2444 33
2444 35
2444 32
2443 33
2419 34
2329 33
2439 31
2399 35
2385 34
2381 31
2387 34
2346 34
2409 31
2441 34
1335 -1
2069 -11
2352 28
2369 35
2315 34
2322 33
2325 33
2304 34
2300 33
2294 32
2317 29
1595 11
1180 -36
1378 -35
2312 29
2159 28
2178 24
2277 32
1646 -11
1356 -7
1491 -29
1328 -30
1360 -34
1279 -29
1200 -35
1286 -34
1225 -33
1205 -33
1193 -35
2301 3
2353 34
2393 34
2367 32
2385 34
2368 33
2421 33
1433 1
1204 -32
1963 -22
2408 36
2425 28
2397 34
2393 33
2367 33
2392 34
2411 33
2377 33
2063 33
1277 -32
1224 -27
2328 12
2363 28
2344 34
2189 26
2228 33
1256 -13
1184 -30
1447 -34
1947 27
1729 -31
2370 31
2335 31
2331 34
2337 33
2412 34
2348 33
2327 33
2319 34
2336 33
1421 3
1183 -34
1175 -35
1457 -26
1689 0
1182 -38
1342 -31
1416 -36
1979 4
2230 0
2226 31
2153 17
1348 -6
1226 -31
1210 -39
1196 -31
1832 -25
2379 25
2424 32
2401 34
2284 30
2435 32
2244 34
2404 29
2325 33
1693 16
1759 -25
2313 34
2383 29
2359 34
2379 33
2370 32
2393 34
1430 -3
1180 -32
1183 -32
1926 -7
2398 27
2373 31
2392 35
2400 34
2374 31
2354 35
2343 33
1841 28
1180 -31
1353 -35
1684 -9
2366 22
2333 33
2373 33
2069 29
1181 -32
1447 -35
2363 29
2150 29
1223 -33
1229 -34
2320 22
1947 25
1179 -33
1322 -37
1385 -24
1426 -30
1818 8
1179 -33
1181 -35
1182 -34
1466 -21
1254 -36
1925 -10
2357 32
2350 34
2330 34
2401 33
2354 34
2348 33
2425 33
2364 34
2240 33
1182 -29
2028 -4
2377 24
2394 35
2342 33
2422 32
2307 35
2321 25
2350 34
2391 33
1373 -7
2147 0
2334 38
2358 31
2359 32
2369 34
2387 34
2399 32
2418 34
2338 34
2043 32
1181 -31
1230 -36
1305 -34
2234 22
2319 25
1229 -23
1605 -24
1684 9
1405 -36
1503 -16
1689 -11
1541 -20
1254 -30
1532 -26
1232 -26
1221 -29
1182 -34
1741 -27
1180 -24
1187 -30
1180 -35
1180 -34
1181 -35
1182 -34
1185 -32
1189 -34
1199 -35
1423 -26
1246 -39
2316 5
2373 35
2391 33
2356 32
2414 34
2374 34
2405 32
2388 34
2419 34
2422 33
2365 35
2431 32
2412 34
2428 33
2428 33
2389 34
2354 33
2399 33
2410 34
2410 35
2366 31
2352 35
2342 31
1521 1
2387 18
2379 31
2409 34
2406 32
2358 34
2394 34
2350 31
2356 37
2268 33
2286 35
2051 19
2295 39
1250 -23
1676 -9
1236 -31
1182 -38
1202 -31
1181 -35
1181 -35
1229 -33
1181 -34
1182 -35
1182 -33
1181 -35
1182 -36
1184 -34
1190 -34
1188 -36
1183 -34
1264 -31
1332 -29
1818 -14
2430 35
2352 31
2335 25
2425 39
2395 31
2397 35
2397 33
2392 32
2359 34
2359 35
2389 32
2412 34
2415 33
2401 33
2406 34
2394 35
2427 36
2383 34
2409 35
2410 32
2420 34
2427 35
2425 32
2415 33
2424 35
2421 33
2392 32
2340 35
2150 31
1538 -30
2351 29
2285 34
2178 30
1241 -14
1422 -34
1917 -7
1455 -19
1907 -12
2125 16
1277 -13
1312 -27
1182 -36
1182 -35
1188 -32
1227 -35
1209 -35
1184 -31
1191 -36
1189 -33
1180 -33
1182 -35
1200 -34
1255 -34
1181 -35
1182 -34
1182 -34
1183 -33
1219 -34
1326 -33
1180 -27
1320 -38
2428 21
2425 31
2427 31
2427 34
2428 34
2428 32
2422 34
2427 35
2427 34
2419 36
2407 35
2423 34
2427 32
2427 34
2388 35
2427 31
2427 34
2426 35
2426 32
2425 33
2395 35
2380 32
2419 34
2401 34
1547 9
2346 11
2292 35
1303 -17
2256 29
2307 29
2315 32
2284 37
2297 30
2328 34
2313 34
2326 27
2073 35
1205 -33
2299 20
2307 28
2341 32
2332 34
1686 11
1397 -34
2314 9
2313 36
2291 32
2298 31
2326 33
2290 31
2336 35
2354 32
1310 -8
2168 6
2369 32
2327 34
2421 35
2403 31
2420 33
2416 35
2419 31
2377 34
2418 35
2418 31
2418 34
2401 34
2386 32
2301 33
2414 33
2338 33
2311 31
1838 25
1180 -33
1183 -32
1432 -35
2299 20
2252 22
2296 34
2334 36
2126 25
2297 32
2297 31
2307 34
2244 33
2238 32
1772 9
2245 26
1418 1
2154 -14
1934 7
2244 36
1463 10
1716 -39
2308 6
2321 33
2331 35
1597 17
1173 -36
1891 -19
2284 23
2228 30
2251 29
2313 32
2302 34
2377 33
2346 33
2271 27
2402 34
2336 33
2402 33
2343 34
2284 33
2295 32
2330 28
2340 35
2348 34
2338 32
2322 34
2342 34
2321 32
2384 34
2413 34
2307 33
2355 33
2363 30
2366 31
2302 34
2299 36
1386 -5
1621 -33
1559 -22
1432 -5
1182 -39
1183 -31
1799 -16
1843 -28
2079 18
2291 28
2002 28
1413 -31
2262 27
2256 30
2303 33
2345 34
2403 34
2289 32
2229 33
1809 30
1575 -33
1962 5
1455 -15
1183 -39
1182 -33
1234 -28
1208 -35
1180 -38
1421 -22
1679 -8
1219 -38
1286 -32
1182 -32
1184 -34
1183 -34
1189 -36
1336 -31
2195 9
1463 -26
2387 27
2390 28
2386 31
2402 34
2397 33
2382 33
2411 35
2405 31
2408 34
2409 35
2374 31
2391 35
1895 23
1567 -32
2350 35
2310 28
2312 31
2306 34
1428 -7
1183 -29
1583 -31
2330 29
2384 28
2406 35
2347 33
2348 33
2369 33
2367 34
2321 33
2350 33
2408 34
2408 33
2354 33
2369 33
2362 34
2312 33
2238 33
1190 -19
2320 22
2296 27
2340 34
2326 36
2307 31
2323 33
2314 36
2304 30
2320 34
2349 36
1728 21
1190 -34
1182 -36
1472 -35
2339 26
2320 33
2346 34
2331 32
2394 34
2404 33
2344 35
2403 32
2404 35
2404 37
2390 33
2335 34
2354 35
2342 31
2404 34
2404 35
2403 32
2403 33
2276 35
2319 32
2303 33
2307 35
2322 31
2380 30
2280 34
1591 4
1465 -31
1981 26
1182 -38
1184 -30
1184 -38
1289 -32
2235 -4
2247 39
2307 33
2285 30
2386 34
2395 36
2368 31
2401 33
2338 35
2367 31
2307 34
2315 34
2324 31
2382 35
2367 33
2301 32
1946 11
1553 -3
1642 -16
2311 30
2302 32
2400 34
2329 32
2372 33
2400 32
2392 32
2337 35
2364 31
2355 33
2243 35
1996 29
2020 -8
2368 38
2397 30
2341 33
2256 35
2352 30
2206 19
2270 36
2304 35
2002 28
1590 -28
2244 33
2350 21
1846 29
1609 -32
2310 21
2372 33
2215 25
1885 33
1724 -29
2279 26
2241 25
2089 7
2350 32
2402 27
2378 34
2277 30
2310 32
1303 -15
2176 -2
2229 23
2245 21
2288 30
2366 34
1273 -17
2323 12
1428 -2
2139 -14
2214 29
2246 28
2315 31
1243 -13
2227 -6
2300 28
2056 25
2265 28
2309 32
2226 23
2204 36
1809 22
1490 -34
2358 20
1629 14
1693 -29
2314 24
2265 24
2272 22
1284 -6
2111 -3
1463 4
2037 -15
2369 28
1987 25
1781 -24
2306 30
2313 32
1267 -17
2335 9
2269 29
1170 -18
1343 -30
2391 9
2230 25
2290 28
1280 -6
2302 -9
2383 32
2141 35
1308 -29
2339 4
2356 31
2243 27
1597 12
1891 -26
2265 28
2385 28
2325 25
1398 -5
2048 -12
2371 31
1625 -2
2298 17
2173 23
1655 13
1934 -24
1765 20
2188 -9
2273 11
1542 13
2054 -10
2338 29
1368 1
2143 8
1388 -31
1772 0
2030 -26
2307 28
2372 29
2263 29
1267 -21
1962 -7
2373 34
2202 25
1998 26
1575 -36
2246 32
2235 2
2260 22
1771 19
1685 -26
2320 28
1911 24
1239 -31
2264 -5
2358 36
2114 21
2215 15
1623 -13
2215 22
1578 -27
2380 29
1469 -15
2247 17
2051 36
1579 -30
2150 23
1964 29
1976 -22
2188 21
2236 25
1651 1
2123 0
2247 25
2234 20
1703 -15
2053 26
1869 8
2208 4
1565 5
1968 -13
1732 8
2277 17
2248 19
1422 -12
2311 6
2334 24
1380 -8
2220 0
2283 31
2160 16
2175 13
2198 26
2119 19
2045 -4
2071 10
2292 33
2110 35
2137 17
2192 29
1926 18
2032 -13
2195 21
1679 14
2013 -17
2237 27
1758 -10
2241 15
2325 28
2130 25
1659 -17
2267 34
2172 18
2157 16
2130 19
2177 17
1676 20
1382 -40
2227 -1
2241 26
2282 15
2075 14
2186 29
2255 16
2213 31
2077 17
2038 -4
2105 24
2099 22
2137 12
2071 19
2110 10
2144 22
2131 27
2182 22
2088 5
2086 24
2082 9
2155 27
2075 17
2140 14
2129 8
2098 28
2119 14
2133 17
2144 17
2154 20
2082 18
2207 25
2139 19
2030 18
2077 15
2165 20
2130 8
1983 14
2153 6
2115 20
2096 8
2113 21
2093 11
2068 24
2119 -2
2102 22
2141 23
2066 13
2130 25
2142 8
2092 7
2150 19
2068 24
2141 7
2085 28
2121 10
2180 27
2096 12
2054 10
2197 29
2036 2
2081 19
2146 4
2112 24
2125 25
2205 9
1996 8
2117 14
2163 15
2128 24
2075 18
2104 8
2005 6
2093 -1
2068 9
2154 23
2159 22
2117 18
2166 13
2176 15
2020 15
2132 23
2222 12
2046 35
2059 -14
2112 28
2138 4
2125 22
2125 11
2050 9
2116 30
2076 10
2104 15
2151 25
2012 14
2158 16
2056 23
2060 9
2147 20
2012 15
2102 -6
2184 31
2099 15
2163 22
1953 -4
2134 4
2145 18
2101 18
2096 9
2082 22
2134 6
2091 19
2093 13
2124 -1
2071 25
2143 13
2224 21
1984 22
2155 26
2112 8
2117 21
1954 1
2062 1
2100 13
2165 10
2109 30
2132 20
2114 18
2037 12
2140 13
2110 23
1958 9
2182 11
2051 20
2124 10
2059 9
2156 20
2158 5
2106 25
2127 1
2154 28
2221 19
2029 15
2156 25
2115 3
2260 26
1948 20
2068 -17
2088 15
2006 20
2143 3
2087 20
2147 4
2045 27
2051 -18
2168 32
2174 19
2039 10
2116 23
2098 0
2159 14
2053 14
2040 9
2144 0
2162 28
2082 23
2287 2
2067 23
2102 23
2190 20
1978 1
2126 -1
2134 27
2063 3
2103 19
2177 6
2121 29
2122 9
2057 23
2095 -2
2083 1
2143 24
2075 18
2119 0
2084 19
2131 27
2096 8
2047 16
2082 1
2127 19
2152 22
2122 10
2171 18
2164 5
2081 14
2061 8
2071 17
2143 23
2054 19
2067 -8
1861 -6
2214 25
2086 12
2146 23
2121 21
1994 6
2135 -2
2140 20
2084 26
2139 8
2152 2
2094 19
2116 13
2117 14
2093 33
2086 -11
2067 22
2193 18
2117 11
2061 12
2159 25
2135 15
2051 20
2127 -1
2071 24
2119 26
2082 -1
2169 18
2089 13
2111 9
2117 28
1980 4
2119 13
2104 19
2116 2
2131 19
2023 0
2148 4
2160 26
2141 12
2233 25
1986 0
2104 -3
2147 2
2162 20
2040 16
2096 -1
2128 26
2142 19
1977 9
2078 -4
2133 12
2030 9
2131 20
1881 10
1972 -14
2187 19
2088 14
2085 15
2153 10
2093 11
2058 33
2105 0
2085 17
2157 16
2133 12
2119 9
2135 28
2081 8
2015 11
2100 7
2062 26
2161 -2
2092 21
2161 15
2074 12
2115 16
2172 10
2104 30
1986 -6
2128 11
2176 14
2093 22
2077 -7
2146 15
2115 27
2075 -2
2126 -1
2176 27
2065 -1
2084 27
2120 -5
2120 27
2086 6
2117 24
2082 9
2072 15
2103 -9
1457 -2
1364 -35
2115 -12
1357 -23
1184 -31
1180 -35
1783 -25
1397 -22
1356 -27
1318 -39
1702 -21
1272 -31
1182 -34
1183 -33
1185 -33
1797 -19
1299 -34
1178 -34
1193 -33
1179 -32
1257 -36
1421 -27
1628 -35
1244 -30
1181 -31
1198 -34
1185 -30
1226 -34
1181 -36
1181 -34
1179 -32
1188 -35
1213 -34
1385 -33
1500 -22
1224 -34
1179 -36
1180 -35
1181 -32
1270 -33
1184 -35
1423 -21
1179 -36
1180 -35
1179 -31
1179 -36
1178 -33
1177 -33
1450 -35
1181 -34
1179 -32
1182 -34
1181 -34
1182 -32
1181 -34
1180 -34
1179 -34
1178 -32
1177 -34
1177 -35
1178 -31
1180 -35
1180 -34
1179 -33
1180 -36
1181 -34
1181 -33
1181 -34
1181 -35
1182 -33
1181 -33
1247 -34
1264 -26
1182 -38
1183 -34
1183 -33
1183 -35
1183 -34
1186 -33
1181 -33
1190 -34
1189 -35
1505 -21
1238 -30
1182 -37
1387 -37
1185 -32
1182 -33
1183 -35
1890 -7
1473 -33
1180 -26
1181 -35
1180 -37
1695 -18
1178 -33
1227 -36
1179 -35
1524 -26
1179 -30
1181 -37
1184 -33
1359 -27
1603 -34
2077 8
1505 -23
1492 -8
1285 -32
1176 -26
1180 -36
1182 -36
1182 -32
1706 -28
1530 -14
1426 -30
1181 -31
1284 -32
1565 -20
1182 -41
1598 -27
1885 20
1181 -37
1181 -33
1420 -35
2262 3
1174 -16
1182 -30
1181 -36
1185 -34
1180 -34
1296 -33
1247 -33
1180 -35
1185 -32
1186 -35
1198 -35
1179 -30
1256 -35
1188 -31
1181 -34
1183 -35
1181 -34
1181 -32
1188 -36
1840 -3
1179 -35
1178 -33
1179 -35
1191 -33
1499 -34
1826 14
1180 -39
1187 -32
1349 -27
1181 -40
1185 -31
1186 -33
1176 -34
1180 -34
1182 -33
1183 -35
1911 -19
2279 26
2284 37
2281 31
1886 4
2316 30
1912 26
1712 -22
2315 30
2314 29
2322 33
2329 33
2240 34
2320 33
2322 33
2335 34
2306 33
2315 33
2334 33
1840 23
1650 -12
1892 -14
2289 39
1345 -9
1180 -34
1183 -32
1290 -35
1542 -27
1577 -2
1693 -31
2242 25
2259 29
2270 28
2249 23
2287 27
2235 39
2026 30
1837 -1
2075 16
2255 16
2254 38
2274 29
2270 31
2096 34
1175 -28
1477 -28
1918 -14
2295 35
1518 -18
2306 26
2302 38
2292 28
1782 19
1811 -26
2284 28
2274 36
2240 32
1185 -22
1179 -29
1179 -35
1179 -35
1181 -33
1354 -35
1182 -23
1756 -23
1297 -26
1906 11
1179 -38
1184 -33
1179 -34
1178 -35
1182 -31
1181 -35
1179 -34
1382 -22
1959 -23
1632 -24
2317 14
2283 35
2277 30
2342 31
2330 34
2327 33
2325 34
2334 33
2306 32
2301 34
1960 29
1177 -33
1178 -34
1179 -33
1746 -27
2311 26
2343 31
2314 32
2286 34
1473 -4
2125 0
2109 29
1180 -31
1177 -32
1520 -31
2296 17
2286 28
2283 33
2303 34
2311 32
2284 33
2349 33
1823 24
2120 -1
2308 32
1884 27
1178 -34
1179 -36
1180 -36
1909 -18
2266 32
2264 33
1266 -13
1180 -31
1181 -33
1964 -17
2322 39
1374 -14
1179 -34
2213 4
1232 -28
1687 -8
2160 -4
1991 30
2077 3
2302 27
1451 1
1179 -35
1182 -34
1180 -32
1861 -21
2280 31
2313 30
2241 34
1177 -25
1178 -29
1177 -33
1309 -36
2277 13
2309 27
2314 33
2399 34
1947 27
1224 -32
1404 -27
1549 -32
1749 -3
1189 -33
2294 3
2293 27
2323 34
2279 32
2323 35
1299 -14
1430 -30
2252 5
2289 33
2254 29
2284 36
2277 32
1790 26
1179 -40
1180 -32
1440 -33
2258 10
2273 34
2260 29
1545 -9
1180 -21
1562 -20
1430 -30
1718 -21
1931 23
1364 -44
2267 27
2272 34
2295 31
2304 33
2290 35
1452 -3
1178 -33
1179 -32
1180 -33
1179 -36
1179 -30
1180 -35
1179 -37
1179 -32
1803 -27
2254 28
2306 35
2330 33
2255 29
2320 35
2312 34
2230 24
2287 40
2041 30
1176 -31
1178 -34
1693 -24
2251 30
1626 0
1993 -4
2410 30
2321 32
2308 34
2308 29
1976 25
1675 -25
1300 -17
1178 -27
1274 -35
2279 -7
2267 27
1741 24
2236 -7
2257 42
2005 29
1261 -33
1732 -9
1181 -39
1812 -21
1534 -3
1531 -25
1273 -26
1179 -26
1634 -31
2307 27
2222 26
1170 -22
1179 -29
1179 -33
1183 -38
2304 8
2306 31
2304 34
2297 32
2281 34
2134 29
1178 -29
1178 -30
1179 -34
1179 -35
1179 -34
1187 -32
1178 -35
1805 -23
2273 30
1416 -5
1179 -32
1509 -30
2277 20
1287 -13
1181 -30
1450 -36
2281 4
2310 44
2289 29
2002 30
1489 -32
2248 13
2291 21
2327 26
2243 35
2270 34
1828 24
1180 -29
1181 -39
1179 -34
1180 -32
1401 -34
2305 13
1972 10
2268 30
2247 29
2270 34
2302 27
1450 6
1648 -15
1457 -22
1180 -33
1683 -26
2284 30
2294 31
2052 34
1172 -33
2067 -7
2285 35
2080 30
2307 26
2321 22
2338 38
1267 -15
1176 -29
2193 -7
2220 38
1173 -27
1178 -31
1179 -33
1180 -36
2257 -14
2265 34
2288 29
2316 36
2273 34
2270 30
2278 31
2306 31
2374 36
2305 33
2297 33
2215 33
1171 -27
2010 1
2265 28
1521 -19
2162 5
2182 36
1499 6
1179 -37
1179 -35
1178 -30
1178 -35
1672 -36
1970 19
1839 -22
2300 28
1426 1
1926 -17
1908 11
2267 25
1398 0
1180 -37
1609 -31
2299 34
2301 34
2317 33
2301 33
2375 32
2412 35
1848 23
1181 -30
1179 -38
1180 -35
1585 -29
2331 23
2318 34
2232 31
2308 34
2321 33
2320 33
1377 -4
1181 -35
1180 -34
1179 -30
1181 -36
1180 -36
1179 -32
1181 -34
2176 -14
2348 38
2278 30
2125 34
1492 -31
2290 29
2066 35
1829 -6
2296 22
1939 26
1170 -30
1170 -36
1906 -16
1975 29
1174 -33
1176 -36
1514 -33
1194 -26
1178 -29
1181 -34
1446 -33
2073 -5
1782 0
2298 22
2324 35
2288 33
2259 34
2247 30
2342 33
2325 32
2377 35
2364 31
2329 35
2349 33
2376 33
2374 34
2288 24
2318 39
2322 31
1584 10
1309 -35
2331 22
2308 32
2327 30
2276 34
2100 33
1177 -28
1178 -31
1174 -35
1177 -33
1176 -33
1178 -38
1178 -32
2044 -16
2295 35
2345 31
2187 34
2354 34
1884 23
1532 -30
2303 27
2321 27
2319 34
1396 -2
2284 3
2285 30
2291 34
2292 31
2151 30
1896 26
1571 -29
1618 8
1180 -33
1179 -32
1179 -34
1181 -35
1221 -35
1913 -4
1182 -33
1180 -34
1177 -33
2148 0
2360 33
2365 33
2345 31
2359 33
2354 31
2216 32
1183 -26
1180 -31
1647 -27
2390 31
2376 33
2342 34
2357 34
2347 33
2314 33
2367 33
2378 34
2371 33
1580 -5
2087 28
1174 -29
1178 -37
1176 -30
1178 -36
1178 -35
1178 -34
1179 -33
1178 -34
1827 -25
1510 -14
1180 -34
2169 -8
2294 35
2325 32
2043 29
1627 -29
2262 26
2313 35
2331 33
2325 33
2329 33
1749 21
1178 -35
1327 -33
2312 5
2356 36
2188 20
2066 40
1180 -31
1591 -25
1173 -29
1179 -34
1180 -31
1181 -34
1188 -35
1356 -32
1179 -32
2017 -4
1178 -26
1181 -34
1179 -34
1180 -33
1183 -35
1180 -35
1591 -16
1178 -33
1182 -35
1194 -35
1715 -25
2283 29
2319 33
1442 -2
1179 -36
1176 -30
1176 -36
2160 -9
1981 16
2311 34
1587 1
1618 -20
2304 28
2312 35
2361 31
2391 32
1414 -5
1181 -32
1185 -34
1735 -19
2241 23
2308 34
2306 32
2311 34
2320 34
2322 31
1693 15
2183 8
2322 32
2309 30
1855 28
1674 -29
2265 29
1174 -22
1177 -32
2002 -23
2296 33
2315 30
2401 36
2353 32
2411 33
2398 35
2405 32
2367 34
2399 34
2387 32
2402 34
2393 34
2390 32
2413 35
2349 33
2298 34
2377 36
2366 25
1434 3
1945 -13
2313 24
2341 39
1919 26
1178 -33
1206 -34
1178 -36
1179 -33
1178 -33
1178 -35
1178 -34
1179 -34
1179 -33
1604 -34
1490 -15
1762 -21
2363 35
2393 26
2309 31
2349 33
2332 35
2383 32
2281 34
2290 35
2140 29
2063 31
2164 9
1514 9
1386 -35
1918 -18
2314 37
1834 15
1376 -31
2329 26
2292 29
2111 24
1884 4
1720 -8
1723 7
1178 -27
1179 -32
1181 -34
1563 -28
2414 32
2407 35
2359 32
2371 32
2393 36
2325 30
2386 33
2347 37
2396 30
2368 35
1973 30
1181 -36
1181 -32
1193 -35
2283 -3
2034 28
1178 -30
1178 -36
1177 -34
1179 -35
1934 -19
2346 31
1613 3
1179 -34
1483 -33
2375 22
2382 30
2397 33
2388 33
2365 33
2395 35
2359 32
2354 33
2372 35
2237 26
2345 34
2324 34
2326 35
2276 33
2342 32
1419 -2
1179 -32
1302 -28
1745 -26
2285 2
2340 33
2295 32
1842 27
1974 -16
1434 -9
1758 -11
1402 -20
1200 -33
2340 13
2350 31
2248 35
2325 34
2355 31
2215 34
1343 -10
1445 -33
2317 8
2347 34
2162 24
2323 29
2304 33
2351 33
1862 27
1180 -34
1878 -25
1339 -24
2339 13
1889 15
1182 -28
1177 -36
1182 -35
1205 -34
1177 -33
1182 -33
1179 -35
1182 -34
1182 -34
1681 -26
2329 23
2375 31
2395 32
2322 33
2292 34
2335 29
2397 32
2279 34
2405 33
2194 33
1175 -25
2176 -1
2381 34
1909 26
2292 12
1884 23
1178 -28
1524 -39
2063 26
1183 -32
1182 -36
1998 -6
2396 25
2407 34
2391 32
2367 34
2402 30
2385 35
2407 35
2372 31
2338 34
2404 33
2341 32
2405 34
2381 35
2365 31
2285 33
1513 -2
1238 -23
1180 -36
2065 -12
1837 -4
2318 38
2276 30
1901 30
1180 -31
1181 -33
1324 -37
1216 -27
1200 -35
1220 -35
1178 -33
1181 -33
1201 -36
1278 -33
1180 -34
1310 -35
2048 -2
2336 33
2299 32
1174 -23
2134 -15
2299 33
2297 31
2307 31
2332 35
2286 32
2076 32
2123 14
1981 0
2327 38
1367 4
1702 -32
2038 9
2324 32
2334 35
2338 33
2360 32
2352 34
1807 18
1950 -8
2382 25
2373 37
2364 33
2365 35
1901 4
2366 32
2329 30
2330 34
2325 31
2301 30
1728 22
1181 -33
1912 -22
1636 -12
2125 24
1279 -19
1265 -28
1179 -37
1418 -33
1188 -24
1559 -33
1180 -28
1344 -31
1198 -30
1180 -33
1231 -34
1434 -26
1751 -14
1555 -34
2260 4
2327 20
2159 22
2357 33
2372 32
2350 33
2305 35
2331 31
2365 34
2349 35
2364 30
1340 -3
1180 -31
1700 -24
2370 22
2388 28
2381 31
2314 33
2329 35
2368 32
2229 32
1176 -19
1181 -34
1181 -31
1521 -34
2398 24
2398 29
2361 33
2370 32
2396 35
2343 31
2392 34
2401 34
2329 32
2374 33
2375 35
2364 32
2336 31
2311 36
2323 32
1876 29
2035 -14
1340 -13
1348 -25
1335 -35
1414 -31
1305 -34
1300 -35
1181 -31
1180 -34
1180 -35
1184 -32
1239 -35
1181 -34
1180 -33
1180 -35
1181 -34
1197 -33
1283 -34
2027 -20
2342 29
2356 31
2364 32
2367 32
2331 34
2355 33
2353 32
1344 2
1876 -21
2403 39
2346 26
2340 34
1653 11
1181 -35
1713 -21
2387 21
2360 30
2367 32
2353 34
2392 34
2361 30
2356 36
2377 32
2341 32
2400 34
2391 32
2399 33
2377 34
2320 32
2383 34
2286 33
2334 32
1379 2
1238 -34
1897 -22
2324 33
2302 22
2288 35
2022 31
1181 -30
1526 -27
2113 -14
2098 27
1261 -36
1216 -28
1180 -31
1179 -33
1197 -34
1195 -34
1322 -25
1181 -39
1182 -32
1181 -34
1182 -35
1289 -31
1693 -25
1811 1
1639 -31
2275 24
2084 6
2329 39
2049 31
1434 -26
2282 11
2363 30
2350 35
2360 31
2392 34
2365 34
2389 31
2349 34
2335 33
2358 32
2336 35
2384 32
2101 32
1181 -31
1333 -31
2350 14
2372 29
2399 35
2379 33
2351 32
2370 34
2388 27
2379 36
2347 34
2302 30
2340 35
2362 35
2366 31
1507 8
1177 -37
1180 -32
1205 -34
1718 -23
2299 24
2248 25
2222 33
1212 -19
1180 -34
1181 -32
1181 -34
1180 -34
1180 -33
1181 -33
1212 -35
1180 -33
1181 -33
1355 -30
1187 -32
1761 -32
1189 -24
2100 -11
2389 28
2317 28
2295 32
2325 32
2280 35
1399 0
2030 -12
2304 36
2354 29
2339 34
2367 32
2380 31
2337 34
2361 35
2353 31
2334 33
2397 30
2354 35
2380 33
2398 32
2397 34
2398 33
2398 33
2399 34
2400 33
2400 33
2400 33
2400 34
2380 33
2384 33
2398 34
2398 33
2351 34
2300 32
2388 34
2398 34
2398 33
1983 29
1664 -26
2287 30
2285 27
1547 -6
1298 -30
1180 -29
1548 -23
1180 -37
1181 -34
1526 -26
1272 -28
1180 -32
1180 -33
1201 -34
1265 -33
1180 -35
1181 -34
1267 -31
1181 -35
1179 -31
1180 -32
1180 -35
1184 -33
1293 -34
1394 -23
1376 -32
2294 26
2358 27
2327 30
2325 36
2326 30
2326 34
2363 36
2355 30
2383 34
2374 35
2397 31
2383 34
2356 34
2381 32
2397 34
2397 34
2382 31
2394 35
2396 35
2387 31
2388 34
2397 34
2395 32
2397 34
2381 34
2390 32
2362 34
2363 34
2341 28
2250 29
2318 36
2319 31
2257 32
1565 -2
1595 -26
2018 23
1181 -33
1180 -35
1181 -32
1181 -34
1194 -35
1182 -35
1187 -34
1178 -33
1223 -36
1179 -33
1180 -33
1181 -35
1180 -32
1181 -33
1180 -36
1186 -35
1178 -31
1339 -26
1181 -41
1182 -31
1183 -35
1230 -35
1180 -31
1433 -34
2377 22
2333 31
2396 30
2385 36
2393 32
2361 33
2351 35
1837 25
1738 -31
2398 35
2379 35
2395 35
2395 30
2395 35
2335 34
2338 31
2383 35
2396 34
2343 31
2396 35
2396 33
2395 32
2272 35
2310 33
2315 32
2396 35
2332 32
1974 27
1584 -23
2388 30
2276 38
2354 32
2131 33
1623 -28
2360 29
2334 36
1194 -13
2070 -8
2352 21
1923 28
1587 -32
2331 21
2340 33
2172 15
1793 26
1863 -24
2160 19
2314 34
2000 27
1626 -27
2290 28
1696 10
1862 -32
2302 18
2310 31
2244 35
1904 33
1972 -1
1171 -27
2319 -10
2312 34
2033 32
1943 -6
2178 20
2362 39
1339 -18
2373 18
1887 22
1728 -22
1928 7
2268 19
1645 0
2081 -1
2353 31
1607 1
2283 24
1566 -20
2095 21
1691 -23
2359 21
2083 8
2139 14
1433 5
1951 -5
2013 -7
2314 17
2223 27
1733 0
2025 25
2077 0
1624 -17
2394 26
1912 23
2016 -14
2078 18
1709 -13
2264 25
1636 -6
1670 -16
2324 26
1758 13
1738 -14
2066 26
1264 -34
2079 -1
2385 34
1590 9
1814 -27
2343 36
1561 -1
2113 -2
2228 31
1700 -18
2393 29
1617 4
2277 13
2150 8
1600 5
1984 15
1545 -40
2346 27
2207 21
1671 -3
2267 16
1397 -6
1994 -14
2313 34
1625 -7
1541 -14
2297 7
2296 32
1553 -18
2386 24
2291 29
2128 32
1769 -21
2241 25
1502 -25
2274 29
2281 30
1949 16
1728 -28
2247 7
1940 10
2244 23
1432 -26
2063 -6
2376 33
1597 4
1903 -8
2192 28
1462 -27
2393 29
1417 -8
1901 -16
1964 29
1902 -20
2155 17
2392 38
1574 1
2250 11
1437 -13
2178 -4
2356 31
1639 -5
2315 26
1814 -11
2255 17
1691 2
2330 10
1678 3
2389 16
1266 -17
2334 17
1653 -11
2238 24
1385 -36
2304 24
2201 17
2274 32
1762 -3
1537 -15
2165 10
2344 29
1348 -9
2045 -15
2302 33
1400 -12
1898 -27
2332 30
2350 35
2173 30
1862 -15
1748 18
1174 -36
2178 -11
2246 30
2247 25
2268 35
1510 -5
1462 -26
2261 0
2339 31
1803 1
2311 34
2268 27
1362 -27
2388 20
1976 -1
2391 35
1774 -4
2310 30
1224 -18
2161 -3
2233 20
1907 16
1781 -13
2334 9
2168 33
1555 -15
2027 17
1569 -29
2316 28
2258 20
2167 25
1724 10
1170 -34
2081 -15
2302 34
2105 25
1895 -20
1831 21
2158 -6
1596 6
2235 -7
2112 31
2194 16
1927 -7
1641 2
1900 -17
2371 30
1224 -18
2221 -7
2378 31
2160 6
1744 6
2186 8
2168 23
1725 15
2189 -9
2201 13
2165 23
2329 28
1335 -3
2059 -10
2140 24
2124 30
1533 -33
2262 27
1820 -14
2385 25
1619 7
2196 -10
1947 31
2109 -9
2229 25
1566 -16
2201 22
2252 25
1171 -21
2053 -17
2234 34
2156 12
2202 23
2224 22
1818 28
1701 -27
2078 23
2219 14
2046 29
1467 -29
2209 -5
2185 15
1771 26
1954 -16
2224 26
1759 21
1645 -27
2336 16
1796 20
2070 -14
2179 30
2167 8
1648 10
2316 15
2079 10
2133 18
2147 10
2235 31
1889 16
2082 1
2141 20
1853 27
1701 -35
2168 5
2216 33
2161 26
1673 -17
2160 4
2213 19
2205 26
2031 12
2194 10
2067 31
2100 22
2118 28
2030 -5
2027 -1
2189 14
2294 19
1958 17
2148 4
2068 4
2162 25
2080 24
2076 -2
2160 13
2062 24
2081 30
1964 -7
2237 -1
2109 34
2010 8
2088 23
2149 15
2176 18
2055 2
2092 14
2059 2
2192 15
2149 14
2127 31
2200 13
2073 16
2067 30
2115 22
2067 -2
2084 20
2019 -4
2138 23
2109 -1
2159 22
2065 13
2077 21
2190 21
2063 4
2166 12
2064 9
2108 34
2028 22
2078 -16
2104 35
2067 4
2048 17
2079 -1
2150 2
2142 17
2156 26
2089 9
2080 15
2062 -1
2113 17
2093 12
2126 13
2114 18
2085 22
2111 19
2178 19
2124 12
2170 21
2046 10
2085 11
2135 10
2124 18
2010 15
2174 14
2017 1
2083 17
2183 21
2075 12
2062 9
2077 6
2127 9
2085 12
2093 19
2053 13
2151 13
2069 9
2087 14
2069 28
2097 0
2051 8
2143 27
2038 14
2099 3
2026 31
2140 1
2089 33
2061 -7
2095 8
2061 4
2098 16
2008 18
2162 2
2112 21
2089 23
2075 12
2132 15
2076 13
2070 15
2140 12
2144 21
2103 25
2065 5
2136 3
2070 23
2064 16
2153 0
2095 11
2039 24
2088 7
2144 13
2115 6
2148 29
2149 15
2073 -5
2074 18
2142 17
2133 15
1949 0
2190 28
2042 12
2147 17
2036 7
2120 8
2042 31
2116 15
2093 26
2084 7
2112 15
2133 20
2125 15
2107 12
2152 15
2005 8
2133 25
2104 14
2052 -4
2091 12
2041 13
2135 15
2139 16
2051 28
2043 12
2143 20
2062 -6
2024 14
2124 11
2124 14
2107 21
2035 13
2083 9
2012 18
2123 4
2126 3
2052 24
2061 13
2138 12
2153 7
2055 34
2113 7
2019 10
2192 25
2029 -8
2037 33
2161 3
2018 13
2169 9
2102 3
2120 12
2116 6
2134 19
2006 15
1938 0
1877 -17
2140 13
2083 16
2086 14
2112 12
2169 17
2081 30
2064 -7
2089 32
2171 -1
2000 12
2137 6
2099 16
2144 -1
2073 6
2114 24
2151 10
2068 16
2111 5
2139 3
2114 14
2209 19
2066 33
2132 13
2069 0
2131 5
2108 5
2197 16
2026 16
2128 -10
2113 23
2076 17
2015 6
2133 7
2104 36
2086 13
2133 19
2035 4
2146 1
2141 15
2120 16
2154 4
2106 22
2069 23
2027 23
2142 -6
2127 19
2091 7
2040 5
2164 10
2144 34
2071 12
2068 22
2207 18
2069 13
2026 6
2095 7
2097 21
2117 11
2033 15
2196 7
2015 19
2110 1
2175 12
2200 19
2030 4
2140 20
2097 23
2036 3
2158 -1
2126 19
2096 16
2126 3
2072 22
2152 3
2100 29
2053 1
2106 15
2285 12
2016 15
2199 28
1974 6
2165 12
2044 20
2163 6
2073 15
2169 25
2076 6
2011 6
2114 14
2106 14
2160 16
2166 19
1973 -3
2172 25
2173 15
2134 0
2067 28
2140 12
2131 3
2058 27
2107 5
2129 33
2100 6
1946 22
2142 4
2104 18
2126 30
2100 3
2074 18
2115 4
2140 1
2040 24
2124 10
2089 12
2099 16
1953 20
2110 13
2089 7
2088 25
2059 5
2163 -2
2161 27
2068 -1
2105 10
2065 14
2063 33
2169 -3
2065 11
2093 16
2173 3
2092 19
2116 1
2094 19
2126 5
2112 7
2108 24
2108 20
2110 20
2123 17
2115 8
1935 -13
2101 22
2044 8
2026 25
2032 -17
2094 17
2076 14
2109 25
2017 7
2133 -2
2090 21
2113 8
2104 11
2191 19
2071 6
2101 29
2153 13
2162 27
1988 9
2063 23
2065 8
2074 3
2099 7
2088 24
2078 17
2107 0
2135 28
2018 11
2079 4
2087 14
2139 14
2060 13
2164 24
2084 14
2053 -12
2108 24
2045 -7
2142 22
2105 9
2125 24
2061 -6
2112 3
2128 13
2149 25
2112 8
2189 21
2109 23
2052 6
2026 4
2092 10
2174 14
2107 21
2141 4
2088 22
1989 12
2209 13
2104 10
2181 13
2093 17
2126 14
2029 7
2011 2
2109 26
2211 6
2126 38
2133 2
2089 -5
2105 12
2085 16
2189 9
2028 7
2100 18
2119 2
2175 25
2100 10
2060 12
2075 18
2173 0
2094 11
2141 30
2127 9
2087 11
2128 8
2210 20
1952 9
2141 16
2040 16
2049 1
2103 18
2070 0
2095 7
2134 25
2136 12
2063 -2
2183 28
2050 12
2182 26
2071 22
2193 7
2061 12
2088 3
2062 17
2130 17
2085 3
2084 12
2146 11
2168 20
2012 1
2067 -4
2174 3
2113 10
2120 34
2077 12
2083 5
2159 16
2079 18
2108 5
2134 12
2059 10
2250 23
2100 19
2079 5
2088 12
2121 1
2207 32
2096 6
2109 19
2122 15
2067 3
2111 34
2078 5
2162 22
1999 18
2108 13
2140 22
2128 10
2046 8
2132 5
2097 18
2031 2
2180 23
2125 10
2097 27
2132 10
2007 5
2215 15
2042 16
2101 9
2172 7
2036 6
2141 14
2088 5
2097 13
2164 6
2178 19
2048 3
2176 22
2068 7
2129 7
2110 18
2078 24
2111 4
2108 7
2001 8
2180 8
2066 17
2182 16
2107 22
2094 1
2115 23
2184 8
2120 21
1920 6
2195 2
2190 35
2079 -3
2160 17
2064 8
2078 22
2170 9
2009 16
2125 -8
2141 16
2143 20
2115 18
2086 18
2034 4
2148 9
2140 18
2083 6
2148 26
2073 1
2119 5
2127 15
2055 12
2128 7
2151 21
2077 16
2089 18
2148 1
2101 16
2006 2
2168 17
2141 2
2240 21
2086 16
2187 11
2035 10
2163 25
1992 -4
2151 4
2168 14
2090 15
2138 1
2130 21
2138 25
2105 20
2082 -6
2094 15
2123 14
2169 20
2041 -7
2081 13
2102 30
2173 9
1986 9
2177 3
2165 15
2103 18
2118 22
2084 -4
2194 13
2073 20
2160 3
2076 12
2139 9
2125 13
2002 21
2192 10
2114 15
2141 7
2077 14
2141 4
2026 22
2148 6
2033 3
2152 12
2121 11
2109 23
2202 9
2103 6
2092 20
2151 20
2137 2
2078 17
2117 0
2078 11
2157 22
2202 21
2159 3
2055 19
2200 14
2054 -5
2206 30
2049 11
2060 -4
2172 18
2118 20
2042 1
2133 9
2076 22
2062 20
2145 6
2083 17
2176 5
2056 24
2123 16
2090 5
2142 1
2094 39
2237 0
2103 22
2247 24
2051 -10
2136 29
2014 5
2189 3
2088 16
2164 26
2242 6
2078 18
2045 19
2298 2
2075 15
2076 29
2155 -5
2040 18
2141 30
2216 -2
2010 21
2126 2
2007 15
2150 7
2163 10
2083 26
2139 9
2089 25
2284 11
1976 11
2055 4
2076 9
2147 27
2147 11
2171 1
2078 22
2137 0
2098 4
2073 23
2151 3
2137 30
2128 -10
2143 17
2192 17
2087 2
2152 7
2148 19
2125 31
2111 12
2133 9
2133 0
2045 11
2159 1
2088 19
2096 18
2205 10
1853 8
2162 8
2095 18
2024 2
2116 1
2146 28
2195 11
2141 13
2083 11
2201 9
2133 28
2153 7
2063 11
2094 21
2173 6
2183 15
2080 6
2155 21
2178 18
1724 -2
2225 -2
2134 16
2116 27
2168 11
2077 4
2149 0
2051 9
1772 -6
2057 -12
2240 29
2117 20
2185 10
2079 -5
2190 26
2138 15
2130 13
2154 8
2123 29
2089 11
2124 14
2077 -1
2121 14
2167 18
2112 11
2086 18
2183 4
2121 26
2039 10
2109 -3
2215 32
2190 11
2046 30
2089 -6
2102 31
2181 -1
2013 4
2239 20
2100 18
2179 15
2052 4
2112 -8
2121 37
2189 7
2142 22
2221 23
2090 0
2158 20
2071 22
2138 10
2168 15
2088 16
2131 11
2106 19
2125 7
2060 19
2096 11
2129 5
2137 24
2078 3
2113 23
2218 1
1997 10
2122 18
2171 11
2182 18
2068 6
2183 14
2079 16
2151 6
2116 24
2164 -2
1973 16
2263 6
2049 18
2140 20
2136 8
2255 26
2055 3
1992 21
2093 3
2117 1
2027 6
2129 -1
2174 25
2151 9
2128 17
2072 18
2248 6
2071 19
2063 5
2068 2
2082 -11
2082 20
2083 8
2280 11
2011 16
2088 -5
2091 9
2060 17
2189 4
2102 15
2208 -11
2069 5
2129 9
2131 18
2103 16
2102 13
2163 19
2220 19
2071 -13
2118 14
1967 -3
2094 -10
2077 1
2040 8
1338 -28
2132 -12
2090 2
2123 0
2127 9
2115 8
1806 -2
1594 -32
2171 -8
2145 7
1538 -8
1178 -31
1325 -33
2135 -12
2175 6
2144 13
2145 25
2152 26
1660 -10
1898 4
1179 -34
1973 -17
2119 10
2174 20
2142 23
2144 30
1224 -26
1178 -32
1577 -32
2183 -1
2190 19
2153 27
2160 28
1516 -28
2188 13
2163 26
2098 7
1868 13
1687 -29
2179 12
2060 12
1436 -25
2172 -5
2087 19
1634 -25
2157 5
2176 5
2186 26
1688 -4
2205 0
1904 16
1790 -22
2020 16
1624 -19
2172 -20
2173 17
2156 16
1783 18
1479 -37
2154 4
1803 -4
1187 -37
1534 -20
1179 -32
1407 -37
2187 2
1245 -24
1181 -39
1184 -32
1602 -35
2148 -6
1488 -5
1940 -23
1612 -29
1557 -34
1639 -15
1225 -32
1409 -36
1179 -31
1913 -26
2218 12
2210 33
2203 24
2183 31
2186 29
2210 27
2193 29
1719 13
1699 -29
1813 14
1665 -35
1256 -29
1475 -27
1451 -27
1730 -1
1848 -24
2145 27
1868 -1
1189 -34
1183 -36
1185 -30
1280 -34
2014 -21
2184 14
2144 30
1653 -19
2229 22
2196 24
1595 4
1180 -34
1309 -35
1725 -23
1587 -6
1390 -24
1642 -29
2211 5
2251 24
2243 26
2147 25
1180 -25
1180 -29
1181 -34
1450 -35
1187 -28
1179 -35
1532 -14
1875 -24
1935 -15
2264 27
1186 -18
1182 -30
1301 -39
2269 7
2123 27
1174 -27
1180 -37
1180 -30
1848 -18
2230 17
1407 -18
2078 -9
2255 28
2273 27
2199 32
2232 30
2213 24
2204 24
1275 -22
2070 7
1796 -10
2217 14
2231 32
2239 30
1857 20
1823 -24
1209 -25
2084 -12
2031 8
1176 -26
1181 -36
1181 -33
1178 -35
1417 -31
1679 -14
1729 -31
2218 10
1658 -23
2206 32
2261 22
2219 24
1682 18
1178 -37
1184 -32
1659 -16
1739 -28
2019 0
2083 16
2237 -2
2230 30
2224 36
2219 25
1989 29
1473 -33
2231 7
1566 -6
2253 12
2275 32
2276 30
2243 33
2205 26
1175 -27
1734 -23
1437 -11
1179 -38
1179 -35
1182 -30
1177 -35
1890 -20
2272 13
2234 28
1614 8
2097 -1
2230 31
2201 29
1723 14
1174 -36
1357 -28
2237 0
2230 16
2268 37
2223 30
2258 26
2248 37
1934 28
1177 -32
1745 -32
2272 32
2236 30
2235 33
2121 30
1838 -4
1487 -18
1179 -28
2110 -13
2244 5
2267 32
2180 20
2253 34
2265 33
2154 30
2247 28
2236 33
2230 33
1384 -10
1181 -33
2150 -16
2297 29
2252 32
2009 33
1178 -31
1649 -34
2293 17
2235 33
1498 -11
1738 -16
2219 9
1181 -20
1187 -34
1996 -14
1834 2
1643 -33
1747 4
1179 -36
1368 -35
1323 -34
2225 -12
1224 -23
1796 -9
1177 -39
1714 -28
2261 19
2014 22
1172 -30
1179 -31
2142 -14
2245 13
2242 34
2225 33
2199 29
2198 33
2114 30
1598 -27
2222 29
2212 21
1216 -26
1179 -30
1315 -34
2153 -8
2040 13
2275 31
2120 33
1171 -28
1637 -23
1172 -29
1729 -29
2261 25
2254 28
1641 11
1852 -30
1401 -14
1723 -26
2287 19
2265 28
2246 31
1989 12
2260 20
2297 35
2265 34
2212 31
2254 29
2007 27
1170 -31
1973 -22
1581 -6
1176 -36
1900 -14
2307 18
2264 28
2271 35
2250 32
2230 29
1644 11
1174 -31
1176 -36
1177 -35
2146 -21
2230 21
1542 -17
2212 1
2203 34
1170 -29
1449 -27
1179 -36
1688 -35
2242 15
2235 30
2245 32
1510 -2
1180 -34
2161 -14
2242 19
1779 15
1932 -25
2259 26
1348 -15
1178 -29
2040 -17
2264 24
1857 25
1178 -38
1810 -26
1390 -32
2270 28
1640 3
1927 -22
1364 -16
2022 -16
1404 -10
1176 -34
1440 -35
1611 -10
1573 -24
1613 -29
1478 -28
1917 0
1667 -34
2189 9
1178 -29
1273 -33
1998 -3
2226 9
2196 30
1214 -26
1675 -26
1732 0
2159 -11
1704 14
1175 -34
2229 -6
2226 30
2245 29
1312 -7
1701 -16
1177 -34
1867 -28
2240 5
2251 45
2288 27
2126 31
1628 4
1190 -35
1744 -25
2125 14
2251 19
2231 25
1366 -12
1177 -29
1176 -37
1176 -33
1175 -33
1178 -34
1746 -27
1506 -7
2069 -10
1385 -11
2140 -9
2224 27
1893 -3
2227 31
1481 -11
1178 -26
1644 -26
2269 17
1538 4
2249 0
1967 17
1837 8
1178 -34
1624 -32
2241 12
1962 -2
1607 4
2245 1
1373 -18
1915 -8
1963 -9
2230 25
2153 15
1825 32
1180 -37
1401 -31
2169 -9
2177 15
2232 29
2231 37
2254 33
1958 31
1177 -30
1180 -35
1537 -23
1904 -26
2231 25
2233 35
1591 4
1291 -37
2094 -1
2229 12
2074 32
1796 -15
1501 -10
1527 -32
1606 -29
1489 -13
1949 -17
1374 -9
2232 -10
2240 24
2235 31
2252 29
2248 35
2228 31
1518 9
1731 -20
2158 -15
1875 25
1180 -39
1180 -35
1181 -38
1184 -32
1179 -31
1179 -35
1526 -22
1893 -23
2173 11
1443 -29
1802 -11
1176 -34
1903 -15
1762 -22
1365 -9
1178 -34
1186 -36
1183 -33
1218 -33
1882 -10
1852 -15
1973 6
2228 2
1838 5
1232 -30
1698 -30
2002 14
1177 -33
1179 -32
1936 -21
2238 24
1689 11
1178 -35
1664 -29
2197 -1
2228 33
2259 16
2236 35
1368 -6
1682 -25
1171 -23
1944 -20
2206 2
1936 26
2180 -4
2197 28
1836 -5
1833 -9
1608 8
1178 -34
1181 -33
2194 -9
2228 29
1746 6
1178 -33
1178 -31
1179 -35
1681 -25
2172 8
1599 -15
1180 -33
1718 -21
2247 5
2112 33
1331 -26
1681 -2
1179 -37
1180 -33
1178 -34
1793 -8
1177 -34
1487 -32
1690 -16
2220 -8
2235 25
2203 28
2193 32
1945 31
1309 -30
2226 -8
2228 18
1237 -9
1433 -26
1702 -26
2237 1
1561 5
1180 -33
1945 -21
1472 -7
1325 -35
1323 -33
2216 -3
2222 28
1258 -24
1831 -16
2273 17
2216 25
2224 25
1463 -17
1187 -21
1178 -32
1892 -19
2225 4
2242 27
2256 29
2054 28
1171 -25
1172 -31
2075 -11
1486 -3
1993 -31
1351 -25
2216 -1
2118 33
2035 -12
2132 25
2269 28
1891 28
2067 -16
2053 30
2231 18
1177 -25
1533 -26
2221 4
2254 33
1176 -19
1178 -28
1178 -36
1580 -31
2076 14
1169 -25
1619 -33
1744 2
1764 -12
1864 -31
1177 -17
2126 -16
2197 17
2248 25
2231 32
2120 26
2264 29
2240 36
2139 26
1389 -22
2187 13
2262 22
2233 40
2207 23
2247 27
2258 33
1587 8
2239 2
2195 30
2258 26
2240 34
1366 1
1179 -34
1178 -35
2081 -10
2244 17
2254 31
2246 31
1907 34
1394 -28
2248 -12
2248 38
2254 23
2258 30
2214 26
2268 33
2259 32
2249 26
2276 35
2019 18
1822 14
1534 -19
2208 -11
2017 23
1682 -32
2273 29
2327 31
2233 31
2260 35
2249 33
2264 30
2280 34
2175 33
2356 29
2390 30
2389 34
2371 35
2294 31
2357 34
2325 34
2290 31
2285 35
2272 34
2302 31
2268 33
2271 29
2280 28
2361 31
2307 34
2320 34
2314 32
2331 34
2298 33
2317 32
2290 35
2320 26
2350 35
2274 34
2329 28
2318 36
2313 33
2349 32
2361 35
2350 32
2365 33
2367 34
2371 33
2380 33
2383 35
2360 32
2382 33
2388 35
2358 32
2377 34
2384 34
2375 32
2353 35
2318 36
2364 33
2364 35
2387 35
2375 32
2376 34
2370 34
2320 24
2375 38
2303 34
2300 30
2270 35
2352 29
2266 19
2376 37
2156 24
2246 27
2266 26
2161 32
2296 15
2153 30
1938 1
2316 30
1509 -9
2214 17
1665 -21
2387 28
2185 26
1737 9
2278 9
1787 17
2150 6
2178 7
1926 -5
2336 41
2030 24
1827 -14
1708 -13
2338 28
1652 -14
2324 22
2263 17
2208 15
1787 -3
2284 26
1688 -17
2346 24
1650 2
2358 17
1579 -19
2000 16
1660 -23
2378 26
1705 6
2078 -16
1887 24
1875 -18
2371 30
2191 30
2056 31
1939 -31
2240 29
2020 28
1820 -32
2304 22
1771 0
2287 17
1722 18
2139 -20
2291 31
1771 3
2253 5
2095 15
1635 0
2369 18
1840 -12
2207 16
2111 25
1740 7
2276 9
1556 -3
2279 17
2219 9
2175 18
2220 32
1469 0
1622 -23
2282 18
2289 22
2172 19
1655 13
1174 -36
1609 -33
2285 2
2343 36
2281 30
2202 27
2166 14
2192 22
2161 17
1840 1
2243 26
2192 -3
2171 28
2300 22
2052 25
2128 1
2217 34
2267 21
2193 24
2182 12
1997 11
2195 14
2263 24
2161 17
2214 21
2189 24
2169 19
2120 27
2019 5
2143 16
2040 27
2140 4
2103 13
2146 14
2015 16
2210 9
2158 28
2106 28
2149 -2
2147 16
2085 12
2161 20
2104 21
2190 5
2039 21
2259 19
2171 8
2064 19
2099 21
2223 -5
2162 29
2162 16
2203 26
2095 1
2155 28
2070 -3
2137 24
2172 10
2190 20
2061 26
2095 15
2050 -6
2178 30
2127 28
2173 4
2084 18
2149 15
2064 7
2165 31
2186 -8
2121 27
2027 16
2220 3
2137 29
2158 31
2116 -6
2128 21
2030 -1
2203 26
2163 23
2201 15
2072 6
2117 16
2157 23
2163 22
2148 22
2013 12
2097 -9
2200 31
2124 5
2133 24
2143 11
2098 8
2181 28
2138 17
2107 25
