2497 34
2497 33
2497 32
2497 33
2497 34
2497 34
2460 34
2452 33
2329 33
2484 35
2446 32
2468 34
2393 35
2297 33
2287 31
2314 27
2171 25
2419 36
2158 23
2270 37
2237 28
2239 12
2280 34
2099 14
2180 17
2156 25
2483 26
2269 17
2080 16
1996 27
2433 12
2168 26
1967 21
2424 12
2339 21
1936 16
2202 30
2291 10
1993 4
2002 25
2434 11
2311 20
1824 15
2163 29
2085 -7
2027 14
1938 28
2281 12
2036 25
2142 10
1745 0
2282 30
1843 23
2257 5
2076 -4
2067 23
1943 31
2394 5
1322 -8
1824 -25
2403 33
2044 21
2042 12
1993 17
1916 14
2364 16
2476 30
2075 15
2292 29
2081 30
1283 -30
1282 -31
1278 -36
1279 -30
2271 -3
2326 34
2157 32
2022 13
2494 18
1837 10
2200 22
2369 3
1875 15
2181 24
2177 -4
1913 17
2277 25
2029 -11
2044 24
2352 18
1743 -2
2464 20
1799 -1
2043 29
2281 2
1789 9
2274 29
2028 -11
1701 20
1896 -24
2428 32
1981 4
2156 25
2075 9
2167 6
1946 6
2213 33
2279 5
1823 1
2423 32
1615 4
2459 14
1881 24
2444 8
1985 12
1933 7
2085 20
2155 25
2280 1
1860 5
2068 13
2280 20
2078 10
1977 20
1924 25
2299 12
2133 8
1963 15
2109 28
2244 3
2091 33
2073 9
2060 20
2061 8
2236 37
2317 22
1913 -5
2108 26
2033 19
2253 23
2153 7
1894 6
2055 13
2213 25
2045 25
2355 7
1922 14
2257 28
2204 22
1918 6
2236 26
2298 17
1971 0
1973 22
2051 20
2151 18
2108 15
1998 30
2151 15
2260 20
2076 15
2005 5
2259 37
2102 8
2084 5
1952 30
2054 26
2224 11
1950 9
2099 18
2166 21
2227 12
1930 24
2111 19
1936 15
2245 17
2130 19
2129 20
1953 14
2220 26
1995 -3
2138 28
2157 19
2105 26
2015 12
1934 7
2031 8
2212 23
2102 29
1914 14
2080 24
2145 13
2147 20
1976 14
2120 19
2151 23
2013 21
1895 11
2273 21
1932 21
2260 24
1937 -4
2025 25
2085 33
2163 -8
2263 25
2027 26
2060 22
2276 18
1841 4
2101 11
2046 34
2205 20
2159 22
1934 14
2203 2
1957 24
1990 23
2132 11
2023 17
2039 23
2006 4
2106 25
2140 14
2273 27
1865 17
2156 26
2210 20
1951 5
2200 26
2010 10
2268 24
1997 3
2009 17
1959 21
2030 21
2161 20
2056 13
2108 20
2059 19
2042 22
2068 10
2167 26
1988 0
2057 35
2125 24
2314 5
1886 0
2262 34
1907 28
2160 5
2099 28
1956 24
2366 12
2083 12
2056 19
2150 9
2092 17
2249 31
1976 19
2208 15
1901 8
2250 30
2047 19
2035 20
2332 9
1945 11
2040 22
2380 24
1968 12
2064 18
1924 13
2299 16
2065 24
2262 12
2070 25
2145 13
2048 7
2109 26
1974 12
2097 17
2424 32
1965 8
2099 8
1954 31
2258 22
2287 5
1961 7
2021 20
2172 27
1992 -5
2009 5
2171 28
2064 20
2141 10
1956 21
2088 22
2077 26
1977 10
2165 17
2064 26
2104 -1
2190 39
2114 21
2021 10
2056 9
2369 21
2036 19
1908 15
2056 21
2163 5
2068 34
2155 20
2094 0
2176 35
2092 31
1970 -10
2170 25
2117 27
2120 26
2249 -2
1941 23
1934 9
2286 29
2012 -15
2045 27
2305 29
2171 21
2015 5
2014 33
2131 2
2100 18
2082 13
2140 17
2199 25
1934 26
2022 7
2000 21
2064 19
2134 10
2149 30
2122 9
2126 29
2050 20
1996 7
2130 29
2133 11
2074 10
1911 11
2104 9
2110 27
2006 19
2004 0
2233 22
2246 25
1974 6
2059 28
2237 7
2099 28
2039 20
2159 22
2021 9
1858 7
2256 25
2024 12
2306 27
2041 9
1996 12
2149 27
2098 22
2291 19
2113 3
2025 15
1880 20
2352 18
2029 11
2167 18
2051 13
1960 20
2458 28
1894 -6
2156 20
1936 7
2322 20
2341 25
1884 14
2092 23
2154 17
2012 11
1988 10
2172 19
1960 11
2084 1
2122 21
2056 23
2085 20
2046 19
2116 25
1941 12
2420 15
2093 13
2030 8
2087 23
2104 18
1992 16
2141 15
1996 28
1810 8
2205 3
2120 41
2032 -1
2115 32
1987 15
2257 15
2037 20
2083 19
2196 6
1966 6
2194 31
2062 12
2119 20
1984 26
2154 20
2312 10
1961 1
1981 9
2255 29
2364 22
2010 20
2126 -1
1921 21
2393 23
1996 8
2021 5
2032 17
2106 21
1878 8
2208 30
2006 14
2080 30
2184 -8
2103 26
2109 25
2214 19
1982 -4
2037 24
2136 22
2173 10
2134 6
2046 17
1894 21
1959 15
2206 24
2148 5
2100 17
1908 25
2317 6
2125 27
2091 7
2154 10
2057 9
1990 25
2197 26
2212 14
2029 10
2038 23
2102 12
2263 13
2000 17
2035 9
1986 20
2270 25
2011 21
2016 20
2061 26
2080 19
2265 10
1944 5
2056 11
2096 20
2229 14
2215 19
1976 17
2168 28
2209 5
2144 10
2100 15
2180 19
2129 22
2123 28
2253 0
1965 16
2087 15
2001 4
2174 26
2069 11
2075 21
2023 24
2124 0
2069 21
2304 34
1976 5
2062 32
2096 -3
2112 25
2148 20
2087 15
2061 20
1907 -5
2187 31
2032 19
2106 6
2161 16
1950 13
2132 13
1944 32
2030 25
2090 10
2049 9
2047 31
2074 18
2310 7
1930 22
2194 8
2143 16
1960 30
2069 1
2068 35
2285 23
2008 0
2025 12
2011 34
2175 -4
2092 34
2242 12
1926 25
2034 -1
2089 28
2021 12
2097 13
2296 27
2041 29
1995 -10
2047 36
2165 -6
2216 33
2283 16
1985 30
2027 6
2008 -1
2144 22
2213 24
2253 13
1828 13
2137 14
1956 20
2224 9
2066 24
1898 8
2093 24
2185 3
2058 15
1964 32
2293 10
1751 -7
2403 26
2018 24
2116 11
2138 34
1957 8
1970 28
2080 9
2040 3
1987 24
2220 29
2054 22
2140 -2
2050 29
2137 33
2187 -2
1948 26
2181 -3
2125 35
2106 6
1924 12
2209 24
1876 8
2129 30
1978 0
2262 22
2103 26
2288 9
1880 18
2339 22
2279 9
1905 12
2197 4
2006 12
2148 24
2205 11
2148 25
2028 7
2094 21
2151 27
2057 16
2002 13
2301 28
2058 13
1798 13
2157 4
2047 11
2236 34
2152 20
1920 -3
2039 19
2007 32
2036 23
2259 7
1922 3
2112 26
2107 4
2141 32
2092 26
2250 8
2147 30
1918 -10
2130 19
2078 20
2012 20
2008 13
2203 22
2015 22
1916 20
2173 28
2083 6
2110 11
2127 43
1917 -10
2041 7
2096 31
2179 20
2006 11
2147 25
2182 2
2084 23
1952 32
2258 5
2119 15
2245 33
1847 1
2106 21
2078 25
2093 1
2002 17
2229 27
1933 8
2272 27
2096 20
2030 12
2120 13
1953 13
2005 18
2021 29
1966 6
2151 23
2110 17
1939 4
2258 30
1997 -3
2109 24
2231 23
1964 23
2005 -3
2037 6
2336 32
1918 21
2122 24
1997 21
2012 -3
2128 16
2138 24
2047 25
2061 18
2193 18
2077 8
2041 16
2142 17
1998 23
1918 4
2249 17
2144 27
2102 16
2096 15
2074 15
1957 14
2181 17
2120 19
2058 20
2054 10
2104 17
2086 6
2191 30
2105 12
2046 18
2127 29
2146 18
2289 10
1993 16
2199 10
2046 31
2094 8
2000 16
2018 9
2018 11
2006 22
2119 13
2015 18
2073 22
2295 19
2057 24
2209 -3
1941 17
2120 23
1998 21
2119 -1
2202 28
1920 12
2075 16
2044 19
2301 14
2099 19
2110 17
2045 10
2194 26
2035 4
2139 30
2073 14
2106 24
2011 12
2089 9
2140 21
2099 26
2023 13
2002 14
2061 19
2077 17
2104 19
2238 27
2055 28
2179 2
2125 24
2105 16
2088 14
2027 9
2037 20
2083 11
2024 14
2176 33
2019 -4
2026 12
2069 38
2176 13
2035 4
2103 29
2159 14
2070 7
2103 10
2057 30
2028 27
2067 13
2172 6
2004 17
2113 18
2029 29
1999 -18
2117 27
2122 23
2080 24
2175 8
1981 10
2191 34
2216 7
1930 26
2102 11
1889 -3
2167 31
2132 7
2113 24
2115 13
2064 28
2130 3
1989 11
2006 25
2101 22
2019 11
2093 10
2029 18
2084 17
2313 28
1971 -2
2147 35
2206 6
2030 23
2216 20
2004 14
2211 27
1895 4
2058 12
2277 28
2021 18
1973 24
2217 1
2113 33
1996 9
2067 29
2193 10
1947 9
2039 20
2059 4
2129 29
2024 6
2179 38
2001 3
2136 24
1939 23
2040 6
2044 20
2235 24
1940 17
1948 16
2089 10
2064 2
2060 31
2156 6
2105 10
2056 24
2137 20
2194 19
2075 15
2083 21
2107 11
2023 11
2222 24
2076 19
2037 23
2067 8
2089 18
2106 8
2131 22
2103 27
1981 17
2024 16
2104 7
2161 20
2072 14
2143 32
1999 7
2169 20
1916 7
2220 23
2085 27
2209 26
1858 4
2310 5
2220 34
2256 21
2130 9
2031 14
1873 19
2007 13
2115 14
2151 29
2021 16
2041 9
2149 22
2067 10
1951 8
2104 22
1944 -4
2311 33
1918 2
2129 27
2191 27
2060 15
2074 25
2014 6
2159 18
2162 16
1972 19
2018 23
2069 2
2118 15
2178 23
2055 37
2050 6
1990 3
2149 30
2103 1
1919 6
2188 25
2158 29
2066 25
1939 18
2101 22
2011 10
2086 4
2028 22
2201 24
2089 18
2240 17
2279 20
2161 17
1915 18
2059 3
2078 22
2164 19
2170 16
2224 35
1946 -2
1935 19
2247 24
1942 9
2112 3
2053 28
2177 18
2105 16
2129 15
2039 27
1992 20
2116 4
2064 14
2115 15
2102 22
2064 25
2214 13
1948 11
1995 7
2328 34
2035 9
1959 16
2195 18
1980 21
2173 21
1919 20
2084 -9
2122 23
1967 10
2009 6
2207 33
2084 5
2049 30
2051 12
2074 21
2042 17
2033 5
2124 15
2090 31
2189 10
1995 19
2006 26
2113 11
2312 28
1998 11
2016 29
2248 2
2158 28
1934 25
2024 2
2245 30
2085 24
2099 -9
1850 19
2173 11
2209 21
1982 13
2044 4
2108 25
2005 20
1985 12
2199 17
1992 17
2242 29
2166 20
2139 7
1934 13
2143 15
2091 16
2036 14
2157 27
2083 24
2059 4
1995 22
2178 20
2125 9
2013 21
2107 16
2045 32
2181 0
2031 7
2137 25
2011 7
2152 14
2071 31
2035 11
1989 16
2225 17
2111 18
2038 19
2091 33
1996 -7
2166 27
2056 13
2141 25
2395 25
1661 0
2086 5
2230 15
1922 6
2213 18
2097 21
2041 9
2027 20
2176 5
2160 21
2238 28
2025 13
2099 27
2001 1
2062 22
1978 9
2137 31
2215 16
2039 18
2109 21
2029 1
2192 24
2106 5
2079 11
2091 17
2146 26
2002 7
2150 20
2157 22
2132 26
2075 -4
2044 29
2116 7
2074 22
2143 25
2137 30
2085 -5
2071 10
2028 28
2078 3
2088 20
2067 24
2039 17
2050 27
2228 1
2085 23
2085 16
2039 18
2051 24
2177 10
2037 24
2065 6
2110 29
2041 10
1955 11
2180 0
2080 24
2118 21
2112 21
2030 24
1986 6
2210 28
2123 20
2076 10
1979 35
2069 -7
2039 20
2130 26
2114 26
2115 0
2024 11
2119 29
2014 16
2070 6
2210 28
2039 16
2078 24
2009 -2
2074 19
2157 20
2075 9
2057 24
2087 26
1986 28
2298 12
2052 9
1950 22
2156 4
2137 28
2006 15
2163 2
2187 35
2050 21
2146 20
2078 4
1911 8
2149 26
2132 20
2101 5
2051 34
2013 10
2025 9
2110 17
2105 13
2056 20
2202 27
2093 19
2074 26
2250 11
2032 15
1967 20
2132 21
2129 14
2006 19
2044 11
2074 34
2285 15
2026 21
2321 15
2001 12
1989 8
2192 19
2051 16
2018 23
2148 -3
2162 34
2256 29
2157 20
1813 -9
2210 23
2143 19
1990 19
2014 11
2186 21
2057 18
2166 20
2022 12
2110 27
2012 11
2190 24
2026 20
2022 6
2188 7
2204 20
2017 24
2191 13
2013 0
2194 34
2007 24
2169 8
2036 14
2013 10
2066 27
2302 14
1952 30
2069 5
2138 17
2078 8
2323 29
1952 16
2031 16
2281 29
2032 20
1955 14
2066 11
2153 14
2063 15
2065 23
2010 2
2158 29
2048 21
2191 -4
2036 13
2208 32
2168 26
1986 13
2075 12
2226 38
2039 18
2174 7
2047 -5
2221 32
1993 10
2102 13
2132 26
2097 21
2070 14
2073 6
2205 20
2017 13
1998 12
2096 14
2087 28
2038 -5
2096 26
2131 11
2061 26
2105 18
2195 25
2037 -2
2096 7
2013 28
2116 4
2067 33
2177 4
1912 10
2142 26
2180 20
2070 6
2073 19
2117 16
2086 19
2049 6
2238 25
2141 26
2101 19
2072 9
2048 28
2174 13
2033 9
2184 22
2139 17
2111 11
2157 24
2026 7
2262 24
2015 27
2192 -9
2253 28
1916 12
2142 5
2116 21
2109 24
2273 21
2010 19
2074 14
2070 4
2032 34
2171 15
2292 21
1853 10
1991 13
2049 -1
2205 27
2049 17
2257 24
2094 20
2170 26
2127 24
2001 2
2010 7
2054 21
2102 4
2213 12
2220 37
2100 2
2062 29
2165 19
1984 17
2041 5
2123 19
2218 33
1891 11
2139 26
1981 1
2180 12
2162 13
1997 21
2175 13
2051 30
2035 -9
2239 25
1990 21
2135 17
1925 12
2137 24
2149 26
1958 21
2199 11
2048 23
2085 29
2251 24
2047 21
2292 11
2037 17
2007 19
2162 19
2070 25
2007 4
2156 15
2114 29
2050 27
2280 19
1916 -4
2071 13
2081 16
2053 15
2208 10
2064 24
2184 26
2149 20
2123 25
2272 18
2056 3
2065 17
1910 13
2175 7
2205 22
2130 28
2085 27
2161 1
2011 14
2080 21
2074 -9
2209 23
2135 21
2060 13
2066 30
2147 6
2047 11
2183 29
2003 14
2095 6
2094 16
2062 26
2068 21
2148 17
2041 12
2038 15
2110 13
2105 10
2084 20
2248 29
2080 0
2134 32
2134 21
2115 18
2019 6
2308 31
2064 1
2039 29
1976 -1
2204 25
2188 29
2185 26
1929 13
2173 1
2075 12
2180 15
2000 15
2120 16
2025 17
2156 4
2215 24
2018 13
2136 13
2055 20
2183 13
2054 6
2237 35
2051 21
2024 12
1978 19
2084 25
2066 -14
2197 24
2155 28
2106 17
2093 4
2127 28
2082 19
2172 10
2073 14
2047 26
2111 28
1931 16
2153 2
2071 25
2077 19
2129 18
1962 14
2372 27
2139 4
2054 10
2062 19
2141 18
2000 12
2233 21
2059 10
2152 25
2053 12
2085 18
2073 29
2106 12
2117 20
2125 14
2239 25
2029 8
2146 22
2140 20
1980 7
2244 18
1974 4
2169 29
2079 18
1995 7
2204 20
2002 18
2136 4
2241 35
1981 1
2169 27
2082 0
2178 29
2149 14
2087 14
1976 26
2224 19
2193 24
1985 4
2008 6
2197 11
2211 17
2010 26
2233 30
2015 -8
2143 16
2089 14
2144 24
2241 31
2264 6
2023 8
2109 27
2083 0
2116 34
2091 20
2011 5
2062 22
2099 25
2117 25
2105 -4
2132 29
1989 23
2181 12
2054 8
2075 30
2292 7
2031 6
2178 24
2125 13
2171 31
2269 24
1919 2
2037 -1
2257 13
1939 23
2409 14
2091 14
2109 37
2151 -3
2134 24
2155 25
2318 26
1851 -5
2286 17
2006 19
2340 18
1992 -2
2276 31
2058 14
2106 21
2150 26
2380 13
1911 5
2287 29
2055 5
1991 20
2109 20
2320 15
2118 10
2095 15
1973 22
2171 8
2052 0
2114 20
2212 25
2153 25
2308 23
2074 7
2054 16
2066 16
2041 21
2070 -7
2126 30
2131 18
2094 16
2016 2
2127 -2
2149 28
2107 12
2088 21
2172 30
1997 11
2044 10
2139 25
2101 10
2140 28
2148 25
2028 -1
2042 19
2201 22
2043 7
2187 12
2212 21
2013 13
2178 15
2203 28
2132 18
2129 32
2189 -6
2019 19
2038 20
2203 16
2195 25
2040 10
2148 12
1951 20
2358 26
2134 18
1933 9
2120 25
2065 6
1993 15
2124 6
2222 30
2164 21
2152 26
2036 11
2103 27
2174 22
2034 -16
2232 18
2148 15
2011 19
2056 15
2014 16
2138 4
2171 16
2062 25
2040 12
2078 9
2074 10
2175 33
2085 13
2095 22
2124 20
2320 11
1823 -4
2128 29
2256 9
2096 28
2211 9
2079 18
2046 22
2138 8
1999 17
2201 15
2010 4
2117 11
2123 16
2128 28
2236 28
2239 24
2229 20
2199 3
1917 10
2096 21
2243 19
2063 25
2254 0
2065 34
2023 -6
2104 4
2063 37
2229 20
2200 21
2036 1
2083 27
2264 19
2086 23
2251 9
2002 14
2090 31
2093 0
2266 20
1952 24
2179 23
2311 0
2235 27
2006 6
2031 25
2083 3
2145 19
2080 23
2088 4
2123 21
2208 20
2152 26
1985 5
2117 21
2059 -1
2067 10
2120 24
2021 15
2368 25
2102 20
2260 9
2017 13
2216 18
2097 -12
2153 37
1969 6
2199 27
2072 6
2211 16
1999 8
2124 23
2197 15
2056 21
2137 26
2107 28
2193 14
2051 5
2298 16
2007 24
2107 20
2082 7
2185 28
2195 13
2150 10
2022 18
2300 24
2025 19
2185 11
2022 11
2243 27
2128 19
2146 15
2124 3
2121 15
2206 7
2252 46
2163 10
2144 27
2202 29
2028 -6
2036 14
2263 23
2283 16
2082 4
2093 21
2096 16
2175 10
2057 26
2308 13
2056 1
1990 24
2157 17
2149 2
2107 16
2207 31
2038 9
2173 24
2355 20
1942 7
1992 20
2196 -1
2164 31
2116 13
2193 -9
2064 21
2295 34
2135 21
2044 3
2124 17
2276 23
1934 9
1995 -14
2075 11
1576 -19
2289 -1
2031 9
2106 14
2088 21
2030 19
2139 -2
2109 20
2071 18
2148 15
2149 21
2206 23
1993 18
2203 4
2007 19
2133 11
2078 5
2194 29
2049 10
2019 1
2026 1
2216 24
2198 25
2073 23
2051 31
2162 -12
2195 22
2007 22
2012 16
2106 4
2026 20
2059 1
2215 6
2068 22
2074 13
2164 21
1977 2
2234 28
2004 10
2141 25
2092 4
1416 -12
2231 -7
2111 17
2165 13
2203 16
2037 14
2087 10
2105 10
2188 6
2080 26
2153 18
2301 22
2064 16
2088 13
2124 33
2180 -1
2107 31
2110 12
2061 22
2029 18
2250 24
2219 22
2018 8
2007 22
2360 22
1891 9
2058 18
2163 6
2053 15
2033 29
2289 -1
2324 28
1840 9
2118 1
2007 4
2108 27
2211 6
2194 15
2056 23
2052 30
2112 -17
2152 13
2233 29
1980 21
2146 19
1992 21
2301 0
2140 36
2227 9
2057 7
2105 33
2149 26
2043 -4
2097 24
2126 10
2080 25
2120 25
2261 10
2037 4
2089 1
2075 31
2098 -4
2105 34
2251 14
2147 23
2097 1
2139 22
2096 19
2036 20
2076 7
2083 6
2262 25
2080 1
2125 22
2234 18
1993 21
2161 17
2225 23
2076 12
1997 13
2109 27
2222 18
2193 18
1993 11
2122 27
2198 23
2014 -4
2205 4
2229 31
2139 13
1974 8
2246 19
2064 21
2055 0
2118 12
2271 28
2055 13
2111 19
2229 27
2037 7
2144 25
2003 -1
2053 16
2202 20
2213 25
2134 13
2129 22
2124 13
2144 25
2087 -4
2183 23
2142 25
2036 -5
2128 22
2032 10
2161 28
2148 17
2031 5
2183 24
2105 14
2139 25
2087 22
1986 15
2351 9
2098 18
2137 28
2225 -9
2167 29
1884 10
2258 26
2245 15
2084 9
2176 24
2085 10
2125 16
2189 5
2202 29
2251 20
2025 5
2067 18
2251 17
2083 11
2306 27
2118 22
2133 20
2057 1
2153 7
2025 14
2190 19
2181 25
2203 20
1997 8
2165 32
2169 9
2078 2
2026 5
2242 24
2115 6
2291 24
2071 25
2062 11
2174 17
2067 8
2117 16
2227 15
2153 21
2172 12
2122 20
2185 30
2143 15
2033 3
2068 12
2097 24
2233 18
2170 16
1998 20
2173 17
2056 10
1933 -1
2337 33
2051 15
2108 13
2195 29
2048 -2
2099 17
2149 33
2205 22
2043 9
2212 21
2092 11
2063 9
2052 20
2165 17
2244 22
2169 7
2076 14
2164 21
2184 20
2158 13
2189 33
2054 -7
2084 8
2281 12
2149 28
2015 0
2086 18
2131 5
2162 34
2300 21
2067 25
2130 -6
2046 20
2091 -1
2260 7
2048 3
2115 23
2199 15
2126 27
2228 21
2037 -7
2162 29
2092 9
2178 16
2198 18
2095 20
2031 16
2128 11
2111 8
2314 31
2164 1
2173 30
2120 25
2227 18
1946 6
2244 14
2131 10
1988 17
2168 3
2092 20
2037 10
2169 31
1906 4
2377 2
2147 28
2091 25
2100 12
2036 8
2247 29
2269 17
2191 25
2329 19
1948 -12
2139 19
2120 8
2077 20
2135 20
2236 12
1929 12
2363 17
2025 11
2155 8
2216 15
2041 21
2115 29
2121 -12
2148 32
2104 1
2068 33
2129 2
2198 16
2249 32
2249 19
1965 25
2378 20
2039 12
1932 2
2105 0
2129 18
2078 4
2197 16
2014 16
2268 13
2090 12
2023 25
2311 13
2201 22
2114 14
1988 21
2201 26
2088 4
2141 18
2089 18
2095 25
2192 18
2021 21
2078 -4
2182 29
2125 20
2156 6
2145 12
2111 11
2086 26
2119 2
2197 27
2083 12
2134 13
2124 11
2126 18
2076 26
2153 14
2047 18
2156 23
2075 12
2246 18
2037 16
2216 11
2133 18
2026 11
2189 18
2082 8
2097 16
2174 23
2082 30
2103 4
2088 8
2116 33
2292 9
1881 0
2092 -4
2117 16
2141 18
2071 0
2084 24
2265 -4
2200 20
2254 22
2144 31
2212 26
2076 18
2248 16
2009 28
2131 -6
2034 19
2181 27
2106 -15
2027 23
2147 11
2119 19
2042 -2
2136 21
2268 25
2126 11
2148 31
2256 14
2237 21
2197 19
2101 8
2007 24
2171 8
2134 -2
2228 25
2210 9
2125 22
1999 12
2232 28
2026 22
2145 7
2119 3
2071 24
2190 4
2133 32
2213 23
2210 8
2013 5
2111 11
2088 13
2093 6
2146 23
2090 4
2218 21
2046 14
2167 22
1951 2
2099 3
2017 6
2054 4
2061 -17
2035 24
2149 -6
2101 14
2003 15
2122 0
2113 14
2103 17
2187 11
2094 33
2344 18
2059 8
2052 20
2154 15
2088 7
2074 8
2171 9
2136 17
2201 18
2083 6
2057 31
2099 6
2149 22
2101 25
2114 0
2036 8
2085 26
2077 17
2156 15
1971 14
2188 3
2140 19
2039 14
2193 24
2193 26
2187 11
2074 27
2138 6
2183 25
2081 -4
2133 8
2059 7
2150 5
2040 15
2116 -1
2114 -4
2104 20
2092 14
2105 12
2078 25
2246 18
2122 21
2087 0
2116 22
2139 9
2150 33
2054 1
2114 20
2157 11
2073 13
2085 10
2241 10
2047 21
2169 19
2025 11
2163 7
2198 25
2069 18
1973 14
2155 -2
2154 2
2106 3
2222 36
2102 20
2092 1
2091 0
2164 23
2073 29
2224 9
2166 13
2127 16
2127 16
2110 19
2244 26
1966 14
2173 11
2158 15
2033 24
2118 0
2096 15
2117 30
2105 12
2119 30
2291 9
2011 5
2155 10
2145 18
2151 27
2106 -5
2183 25
2094 3
2233 33
2051 4
2120 21
2004 19
2216 24
1982 11
2150 5
2109 3
2131 28
2110 22
1992 -15
2208 36
2089 0
2082 13
2099 27
2299 15
2166 24
2104 16
2099 27
2166 13
2105 11
2077 18
2130 24
2119 12
2204 3
2072 27
2195 2
2215 23
2212 12
2123 34
2136 1
1999 16
2054 -11
2165 9
2213 30
2091 11
2189 27
2180 15
2169 6
2181 23
2265 26
2146 26
2043 11
2039 -1
2233 20
2015 20
2094 30
2293 16
1991 10
2141 5
2196 28
2259 22
1934 -3
2171 2
2255 15
2072 20
2041 14
2140 6
2182 11
2103 29
2152 2
2118 27
2177 7
2148 30
2126 17
2111 2
2236 30
2211 16
2089 22
2118 19
2179 3
2016 15
2195 19
2096 -3
2118 26
2234 24
1993 11
2191 8
2123 21
2271 17
2100 32
2067 0
2085 17
2174 18
1998 11
2185 14
2071 11
2108 24
2263 11
2103 21
2133 20
2271 20
2035 14
2106 12
1972 5
2188 16
1976 -7
2177 9
2200 35
2025 10
2094 6
2137 22
2362 24
2160 11
2103 26
2039 5
2191 0
2020 10
2100 16
2155 6
2165 12
2148 21
2131 7
2109 19
2059 21
2300 27
2018 -8
2198 20
2264 23
2078 9
2046 8
2133 37
2256 24
1987 -6
2139 14
2145 21
2384 27
2052 18
2075 13
2097 8
2163 20
2098 -2
2161 26
2163 26
1984 5
2175 5
2161 45
2199 8
2125 32
1950 9
2201 24
2035 7
2214 23
2140 15
2113 9
2151 21
2106 4
2073 4
2200 23
2247 34
2097 26
2104 -10
2212 11
1975 11
2089 11
2181 9
2189 12
2153 20
2104 12
2138 24
2208 25
2100 22
2124 13
2077 -4
2089 11
2047 -1
2242 18
2216 24
2125 16
2130 27
2034 22
2096 1
2051 2
2155 20
2136 24
2158 -2
2152 31
2243 15
2088 -2
2172 18
2076 14
2073 19
2123 4
2215 23
2020 15
2181 20
2232 28
2050 19
2179 3
2055 16
2069 -5
2201 19
2150 24
2166 10
2113 13
2081 24
2083 4
2109 17
2182 15
2156 8
2111 34
2170 4
2252 23
2072 29
2163 -1
2124 3
2142 15
2084 30
2225 23
2117 -1
2184 25
1990 11
2258 28
2160 8
1966 -2
2139 10
2138 21
2162 25
2187 26
1999 3
2038 16
2133 -10
2148 17
2025 14
2200 28
2097 0
2136 20
2255 20
2032 12
2225 13
2039 32
2022 -18
2196 22
2111 6
2238 25
2093 9
2183 17
2134 14
2052 25
2236 8
2071 22
2188 -3
2060 22
2166 25
2108 12
2052 2
2188 20
2080 2
2166 26
2265 32
2165 -1
2146 28
2046 18
2271 25
1952 3
2109 22
2154 -6
2143 24
2143 19
2133 10
2097 7
2155 11
2102 26
2229 0
2128 21
2220 23
2210 24
2102 10
2094 13
2187 39
2207 -11
2091 18
2124 23
2091 -8
2231 29
2072 0
2139 24
2136 23
2227 -4
2153 23
2204 27
1995 20
2176 -3
2130 10
2138 15
2247 31
2100 0
2140 12
2132 10
2013 17
2190 8
2113 14
2125 12
2225 32
2211 17
2054 30
2158 -1
2080 7
2249 14
1984 11
2211 24
2198 8
1969 5
2294 31
2092 2
2146 3
2335 26
2161 5
2219 25
2008 15
2101 -1
2192 21
2157 5
2197 21
2133 9
2112 28
2142 24
2314 10
2159 13
2005 7
2240 10
2092 9
1980 28
2272 2
2157 20
2176 9
2176 12
2230 27
2114 13
2082 2
2064 21
2273 7
2186 17
2160 27
2126 18
2210 25
1941 7
2159 2
2130 20
2119 23
2152 -2
2123 23
2230 19
2139 7
2098 17
2120 0
2083 8
2245 24
2054 2
2302 22
2121 29
2192 5
2067 21
2187 4
2129 22
2081 18
2105 -1
2224 31
2086 16
2246 6
2013 9
2151 5
2179 19
2241 28
2062 14
2177 24
2129 29
2152 -10
2147 17
2084 31
2087 10
2016 19
2179 0
2180 24
2101 -1
2121 5
2123 17
2095 8
2119 11
2247 29
2023 8
2118 5
2163 23
2202 20
2199 1
2307 26
2115 22
1979 1
2189 18
2098 2
2081 -5
2211 12
2206 14
2104 25
2152 14
2146 25
2103 21
2191 18
2037 2
2337 26
2147 22
2208 25
1953 -19
2210 4
2332 32
2096 15
2207 16
2010 13
2149 1
2197 6
2129 7
2223 20
2069 19
2184 21
2118 18
2154 21
2126 28
2100 15
2134 26
2071 -12
2149 11
2096 12
2112 -6
2169 14
2193 20
2126 14
2176 21
2141 15
2158 24
2117 11
2171 8
2079 33
2114 -7
2170 13
2166 17
2151 25
1987 6
2195 -6
2186 10
2218 37
2056 20
2195 2
2108 18
2101 29
2193 11
2066 19
2130 -4
2309 22
2160 22
2025 23
2098 2
2156 11
2148 21
2250 27
2008 24
2217 10
2082 20
2004 1
2124 2
2217 5
2246 19
2129 29
2150 14
2211 26
1866 5
2224 1
2051 14
2196 10
2120 11
2056 0
2199 12
2181 31
2109 7
2167 28
2092 20
2128 3
2261 26
2196 27
2183 7
1839 -17
2172 16
2219 9
2091 13
2172 15
2178 7
2183 16
2168 3
2206 22
2146 32
2121 1
2300 25
1965 -4
2184 20
2099 21
2086 -2
2141 -2
2272 32
2092 15
2206 20
2159 17
2124 17
2118 21
2010 -1
2147 -6
2155 15
2157 19
2122 16
2089 24
2114 -12
2175 11
2155 33
2235 26
2121 -1
2140 0
2119 28
2224 16
2086 13
2170 24
2196 24
2298 16
1962 -5
2173 1
2209 21
2090 24
2138 14
2093 6
2096 8
2160 6
2279 32
2102 1
2143 13
2221 25
2045 15
2200 14
2139 19
2218 20
2105 8
2061 20
2264 8
2108 17
2091 8
2247 13
2125 7
2159 24
2010 5
2133 -12
2172 23
2187 15
2168 26
2137 26
2115 19
2172 -5
2136 19
2032 15
2117 -9
2216 19
2190 20
2274 26
2177 0
1988 20
2150 -4
2168 7
2161 24
2149 23
2204 16
2157 4
2189 19
2171 27
2199 30
2209 19
2139 -1
2148 22
2110 11
2194 12
2035 -5
2201 17
2102 28
2237 4
2203 17
2179 19
2076 9
2061 4
2187 24
2207 10
2151 23
2150 5
2059 19
2218 17
2105 16
2233 24
2142 9
2153 17
2203 21
2163 20
2204 18
1920 11
2125 -6
2138 5
2203 7
2087 32
2103 0
2173 6
2203 28
2197 21
2284 15
2072 11
2006 20
2186 -1
2168 0
2123 29
2250 3
2193 33
2157 18
2052 24
2234 3
2110 18
2221 18
1962 17
2187 -8
2135 20
2114 11
2246 31
2158 23
2111 -2
2160 23
2056 4
2134 0
2188 10
2175 31
2026 1
2187 0
2159 15
2156 16
2139 23
2201 9
2178 10
2138 7
2185 15
2145 14
2132 15
2248 19
2131 30
1995 12
2065 -5
2203 6
2168 8
2110 15
2139 13
2167 18
2164 -1
2172 24
2113 12
2186 24
2228 11
2195 30
2152 29
2171 16
1985 -9
2201 12
2153 5
2143 21
2086 15
2202 10
2161 9
2228 32
2181 16
2169 5
2184 10
2196 34
2195 8
2116 21
2180 6
2008 9
2147 20
2116 10
2194 18
2179 18
2204 -5
2189 26
2063 16
2245 20
2222 20
2209 7
1951 5
2211 19
2063 10
2151 13
2146 17
2218 26
1976 1
2223 24
2173 -3
2251 23
2195 22
2176 4
2122 4
2326 30
2069 12
2191 26
2295 5
2101 7
2149 14
2112 14
2141 13
2172 29
2158 4
2172 22
2085 13
2146 -1
2179 23
2135 11
2193 11
2162 23
2192 22
2143 1
2117 16
2267 23
2110 4
2169 16
2136 7
2143 19
2167 -4
2205 16
2151 25
2178 15
2180 6
2189 14
2229 26
2130 12
2109 17
2204 -4
2233 26
2091 5
2110 8
2113 16
2179 17
2230 25
2178 8
2116 20
2146 19
2118 0
2112 17
2135 24
2198 -4
2194 9
2137 25
2142 20
2173 13
2152 11
2106 8
2164 12
2166 12
2114 27
2099 7
2137 5
2170 23
2179 16
2025 5
2174 22
2180 29
2110 11
2040 3
2177 12
2276 30
2214 3
2106 20
2316 17
2252 23
2182 26
2051 29
2157 -8
2158 20
2015 3
2187 -2
2231 26
2174 12
2190 23
2048 18
2144 0
2181 8
2120 20
2326 20
2084 12
2174 9
2085 9
2189 4
2107 4
2149 8
2188 19
2177 28
2161 -2
2139 12
2168 16
2157 13
2172 20
2220 25
2164 8
2030 -16
2191 21
2110 14
2164 8
2208 21
2138 19
2217 -2
2112 29
2197 1
2164 15
2202 23
2132 23
2106 -1
2195 9
2109 22
2139 10
2188 30
2051 -9
2187 25
2199 6
2158 18
2206 4
2110 20
2236 14
1983 2
2249 7
2154 22
2186 18
2190 8
2256 12
2182 16
2102 21
2210 6
2183 30
2232 11
2094 23
2177 0
2169 14
2237 27
2221 17
2020 21
2105 -3
2080 6
2205 19
2201 7
2204 24
2135 22
2205 15
2159 1
2006 16
2241 3
2200 20
2228 26
2347 19
1930 8
2187 8
2049 7
2186 33
2005 -15
2223 -8
2218 12
2167 20
2126 10
2158 14
2096 5
2191 3
2258 19
2075 17
2186 23
2102 4
2210 22
2279 2
2060 35
2214 -6
2133 19
2167 8
2157 6
2099 27
2093 -5
2148 22
2296 22
2335 16
2047 18
2185 2
2051 25
2337 21
1983 6
2171 4
2058 30
2109 -19
2258 11
2153 21
2140 17
2301 25
2326 18
1994 21
2129 12
2275 16
2022 -2
2104 17
2162 -5
2171 22
2228 -2
2136 28
2152 1
2062 12
2202 11
2218 23
2001 0
2186 -1
2159 29
2209 29
2161 -7
2198 30
2118 10
2017 -1
2193 -6
2218 19
2153 12
2224 26
2076 12
2216 15
2172 17
2164 22
2174 9
2131 21
2259 7
2128 17
2096 6
2107 21
2188 24
2200 20
2162 9
2221 20
2149 2
2134 15
2129 23
2190 21
2069 5
2227 20
2254 19
2243 20
2130 0
2108 8
2124 9
2120 12
2130 -7
2186 0
2176 4
2228 10
2134 6
2179 5
2217 23
2236 12
2223 23
2173 17
2247 18
2209 12
2221 23
2067 9
2196 2
2164 20
2176 7
2142 13
2228 25
2148 12
2125 1
2105 18
2207 12
2106 26
2120 -1
2184 5
2145 11
2140 29
2099 -7
2226 27
2196 22
2113 -1
2172 21
2169 10
2246 21
2095 19
2228 30
2208 16
2171 19
2024 21
2188 -16
2175 13
2172 30
2058 -5
2178 20
2183 -11
2133 18
2163 35
2156 -5
2148 29
2198 12
2233 19
2058 -3
2254 29
2135 16
2158 3
2124 25
2199 5
2119 12
2171 2
2175 25
2082 1
2125 9
2156 2
2148 28
2080 7
2215 6
2191 23
2197 24
2089 15
2194 21
2112 5
2211 10
2090 16
2139 14
2149 1
2136 15
2248 24
2205 19
2089 6
2195 26
2225 19
2037 1
2220 3
2203 24
2184 12
2187 9
2271 21
2244 25
2243 22
2008 2
2297 33
2167 2
2271 29
2149 18
1978 4
2202 -4
2134 18
2173 0
2060 18
2165 24
2113 6
2231 25
2161 18
2174 5
2216 20
2192 22
2237 8
2082 5
2213 1
2187 9
2163 30
2157 11
2205 4
2143 0
2174 3
2197 17
2162 0
2239 51
2127 -13
2202 19
2205 18
2162 10
2191 24
2147 19
2034 0
2142 1
2177 -3
2225 6
2154 15
2172 20
2190 21
2308 21
2123 23
2188 2
2051 21
2214 24
2273 14
2138 11
2051 14
2150 19
2136 10
2096 0
2257 13
2275 23
2189 12
2170 21
2072 0
2180 -5
2222 24
2159 20
2222 14
2154 25
2292 31
2060 8
2125 16
2088 -3
2272 23
2016 7
2171 1
2184 4
2171 9
2209 24
2236 3
2086 21
2292 12
2158 21
2228 22
2108 2
2096 0
2234 13
2219 25
2100 11
2217 19
2182 12
2208 19
2184 17
2166 31
2024 -32
2278 19
2157 9
2154 13
2206 21
2205 8
2261 25
2122 6
2288 26
2115 -3
2141 15
2206 16
2160 20
2274 34
1994 -4
2245 8
2178 4
2131 33
2214 -9
2161 37
2125 -12
2194 9
2151 18
2306 15
2210 26
2115 16
2204 17
2146 11
2104 6
2165 1
2144 14
2110 23
2290 3
2195 16
2098 28
2230 23
1999 -4
2137 0
2282 13
2088 19
2213 29
2174 4
2164 10
2129 1
2221 18
2158 15
2110 16
2105 5
2215 4
2258 17
2037 27
2238 -1
2282 33
2124 7
2090 28
2113 -10
2206 23
2201 19
2133 14
2211 14
2131 13
2158 5
2098 16
2129 3
2136 11
2258 5
2206 32
2041 1
2097 17
2216 21
2258 12
2241 30
2093 26
2063 -4
2224 0
2110 1
2190 14
2200 24
2200 29
2181 -1
2072 19
2139 -1
2205 5
2093 23
2126 0
2194 -5
2143 16
2191 23
2189 25
2196 14
2141 4
2192 4
2327 29
2201 15
2122 28
2178 -2
2194 4
2164 20
2152 11
2143 11
2083 10
2167 -2
2119 1
2219 7
2108 11
2151 22
2243 9
2217 17
2249 28
2149 4
2154 25
2194 12
2181 14
2092 -13
2210 20
2271 18
2266 20
2162 25
2213 3
2164 32
2062 -1
2172 11
2134 10
2130 1
2192 11
2227 22
2066 10
2152 2
2207 7
2118 19
2240 30
2169 11
2193 12
2026 22
2222 2
2197 12
2111 0
2146 19
2198 10
2132 15
2206 10
2158 16
2228 20
2209 25
2165 26
2139 16
2198 23
2119 -9
2147 18
2145 1
2187 2
2124 22
2173 20
2203 30
2077 0
2167 2
2320 24
2055 15
2230 20
2150 15
2220 27
2018 -7
2212 4
2160 27
2223 6
2115 9
2183 19
2218 20
2349 23
2067 5
2170 11
2066 6
2045 15
2238 4
2156 17
2245 18
2158 0
2212 27
2202 25
2234 12
2271 6
2106 16
2172 10
2209 4
2060 19
2218 9
2213 12
2079 10
2133 20
2269 15
2125 8
2146 32
2132 -10
2110 28
2190 3
2133 9
2237 31
2145 6
2171 16
2220 27
2034 6
2330 19
2045 8
2262 24
2208 7
2105 15
2106 15
2275 0
2164 13
2152 20
2089 -17
2168 20
2182 10
2173 2
2157 5
2193 10
2217 29
2192 22
2242 23
2128 20
2256 19
2002 -5
2226 16
2175 4
2187 10
2101 3
2129 11
2170 -2
2198 8
2158 13
2166 19
2168 4
2250 30
2116 14
2172 1
2124 -1
2161 10
2207 18
2167 4
2242 23
2202 20
2149 26
2253 -3
2158 27
2232 17
2038 6
2179 8
2121 14
2306 21
2166 14
2175 15
2134 16
2190 9
2135 6
2233 24
2111 11
2240 24
2192 -2
2125 18
2267 24
2083 15
2148 12
2114 0
2218 27
2102 26
1919 -19
2184 1
2233 15
2206 22
2222 19
2134 18
2080 -11
2225 17
2220 22
2139 15
2122 3
2180 9
2159 13
2141 1
2162 20
2189 22
2199 22
2252 7
2266 10
2117 8
2177 29
2211 26
2082 -8
2275 32
2275 22
2164 15
1959 -2
2257 19
2133 22
2276 2
2209 16
2169 14
2071 11
2305 32
2075 4
2176 9
2177 22
2029 0
2177 3
2129 6
2210 15
2214 32
2197 20
2067 -9
2124 11
2223 19
2293 20
2217 18
2132 16
2247 5
2108 21
2211 24
2049 7
2200 -15
2228 28
2128 20
2189 2
2129 25
2154 -10
2166 19
2137 1
2229 5
2155 23
2224 2
2199 13
2253 16
2143 7
2213 24
2196 18
2167 -3
2161 26
2169 17
2106 9
2337 29
2231 7
2148 19
2126 25
2303 14
2016 12
2183 -17
2207 30
2103 20
2263 6
2083 17
2248 4
2109 1
2146 34
2129 -20
2283 11
2152 26
2174 -3
2148 26
2311 18
2184 11
2015 27
2134 -6
2322 23
2214 12
2012 26
2210 -11
2196 30
2170 14
2059 11
2305 4
2156 16
2199 21
2040 22
2247 7
2053 20
2193 3
2126 7
2242 16
2274 18
2080 17
2045 20
2344 11
2094 8
2137 15
2204 21
2095 20
2234 21
2096 -1
2058 18
2276 -8
2082 17
2118 2
2265 4
2130 24
2188 1
2176 1
2160 19
2196 10
2257 22
2182 10
2246 11
2080 13
2204 0
2217 21
2236 24
2218 20
2150 17
2282 3
2119 1
2148 19
2113 4
2128 24
2122 -6
2235 3
2171 14
2183 8
2198 19
2223 20
2181 23
2218 31
2345 17
2040 20
2123 -2
2117 4
2176 6
2186 11
2269 18
2251 21
2278 29
2127 16
2195 11
2040 9
2046 11
2332 17
2125 4
2115 25
2273 7
2074 14
2323 17
2191 21
2161 6
2029 8
2121 16
2149 19
2178 1
2314 9
2162 12
2121 15
2196 19
2219 13
2029 1
2314 13
2180 2
2110 11
2212 29
1947 10
2328 19
2269 32
2271 0
2237 31
1930 -7
2216 10
2250 5
2004 13
2194 6
2191 2
2075 0
2151 2
2148 3
2236 5
2263 20
2202 15
2103 3
2240 10
2174 7
2173 11
2213 34
2226 14
2175 11
2204 23
2138 17
2127 -2
2285 21
2199 17
2109 18
2139 22
2182 11
2122 4
2052 -2
2120 -4
2200 9
2200 6
2161 3
2225 17
2245 10
2138 20
2181 5
2131 0
2083 15
2157 25
2107 -9
2182 0
2186 5
2098 -1
2180 -1
2195 0
2267 15
2130 19
2194 2
2186 19
2130 11
2145 6
2159 8
2127 -2
2128 0
2184 9
2202 13
2141 10
2205 6
1640 9
1277 -37
1817 -30
2195 -3
2226 15
2243 21
2245 28
2200 16
2168 31
2116 2
2169 3
2183 18
2162 19
2179 13
2150 8
2182 22
2124 4
2206 1
2230 16
2195 24
2222 25
2154 10
2224 9
2091 23
2111 19
2173 -2
2170 10
2106 8
2102 -2
2201 -14
2116 -1
2203 18
2249 27
2190 17
2123 22
2187 15
2238 21
2131 16
2164 19
2214 13
2182 20
2231 28
2268 17
2089 8
2152 4
2162 -9
2208 4
2164 6
2252 13
2138 17
2183 24
2187 11
2223 18
2138 17
2191 9
2215 17
2187 22
2121 7
2187 18
2119 27
2168 8
2134 10
2051 0
2153 -1
2159 3
2195 7
2172 3
2212 33
2233 25
2182 8
2176 15
2251 18
2170 16
2120 10
2132 -2
2224 5
2077 25
2249 32
2101 7
2188 11
2229 0
2135 32
2199 -6
2269 34
2085 4
2176 16
2180 5
2205 27
2159 14
2183 9
2096 18
2211 -4
2153 15
2238 16
2144 15
2140 1
2120 23
2172 -2
2189 3
2223 7
2186 16
2279 23
2160 28
2286 26
2147 7
2238 15
2094 9
2183 -4
2221 28
2065 -8
2212 9
2146 15
2201 15
2258 20
2266 20
2243 19
1989 17
2280 8
2077 0
2263 16
2165 26
2244 19
2142 5
2141 5
2194 19
2208 2
2158 22
2238 11
2109 15
2228 18
2088 2
2274 16
2031 1
2205 -3
2166 1
2232 18
2234 18
2190 19
2268 15
2150 10
2159 11
2152 13
2172 15
2245 8
2196 18
2273 27
2205 23
2144 12
2177 9
2211 9
2225 16
2179 16
2138 26
2266 7
2135 20
2160 7
2061 18
2177 -4
2236 13
2169 5
2158 20
2218 7
2172 15
2244 31
2157 19
2147 11
2146 1
2131 0
2182 -2
2224 12
2156 17
2206 3
2211 25
2136 14
2144 19
2154 7
2165 16
2213 21
2215 24
2168 -13
2204 29
2260 6
2259 19
2223 23
2098 15
2068 1
2184 1
2164 20
2211 29
2212 5
2169 7
2243 10
2187 16
2185 27
2285 -9
2109 18
2219 -2
2200 7
2172 19
2212 31
2098 2
2195 26
2193 -1
2158 6
2263 3
2170 17
2174 14
2267 22
2168 19
2160 16
2177 24
2204 3
2177 12
2201 14
2192 25
2277 21
2143 25
2196 -6
2116 16
2212 23
2188 24
2212 -13
2270 22
2120 14
2159 17
2190 7
2070 7
2198 8
2110 9
2170 22
2263 12
2148 20
2196 24
2173 -6
2138 6
2181 6
2208 18
2194 0
2147 29
2253 21
2297 19
2030 8
2251 27
2232 23
2175 12
1992 1
2122 4
2171 -1
2144 2
2203 2
2248 12
2208 19
2162 11
2206 22
2200 21
2194 8
2184 25
2166 10
2067 5
2313 29
2171 9
2224 22
2181 19
2234 10
2197 40
2247 9
2025 6
2147 -5
2173 15
2203 11
2202 25
2241 3
2274 21
2252 13
2112 4
2170 29
2138 -11
2214 7
2195 19
2151 -3
2151 31
2110 -6
2199 0
2188 20
2238 24
2222 22
2164 -3
2143 -1
2232 19
2129 7
2173 9
2123 11
2294 -1
2195 31
2178 4
2225 22
2199 10
2082 15
2228 5
2146 20
2243 -4
2156 5
2195 10
2185 0
2230 8
2169 31
2328 18
2137 6
2215 26
2106 -2
2187 -4
2207 19
2164 26
2291 19
2178 1
2014 12
2337 23
2099 0
2222 29
2193 4
2187 12
2216 22
2250 23
2211 16
2161 24
1975 -4
2300 0
2231 29
2204 8
2256 16
2212 19
2157 11
2121 30
2279 0
2015 15
2208 -4
2144 9
2187 15
2183 10
2203 15
2266 25
2206 25
2217 -5
2185 26
2171 18
1980 -2
2173 -15
2259 21
2152 17
2155 -3
2200 4
2213 22
2135 3
2152 15
2274 16
2227 13
2178 22
2191 3
2186 24
2276 18
2121 13
2061 -4
2199 24
2130 -9
2234 30
2131 18
2168 12
2195 2
2214 12
2202 19
2221 11
2179 8
2194 9
2139 -8
2233 21
2309 18
2142 22
2215 11
2113 3
2285 6
2236 26
2158 4
2175 11
2223 19
2190 19
2150 30
2259 12
2151 25
2173 -10
2139 5
2106 13
2202 13
2086 4
2174 19
2211 3
2173 31
2138 0
2192 -4
2134 17
2250 29
2138 -3
2273 22
2244 14
2077 25
2244 -9
2247 21
2199 7
2148 12
2250 5
2262 36
2237 10
2122 11
2077 4
2253 15
2131 10
2063 3
2292 24
2191 21
2246 22
2154 0
2235 3
2211 21
2213 15
2166 18
2197 16
2161 21
2059 11
2181 -1
2113 0
2166 -4
2187 10
2268 15
2184 19
2200 7
2151 13
2242 13
2139 17
2087 -4
2185 2
2170 12
2218 29
2213 13
2326 33
2244 19
2211 26
2039 -5
2137 1
2158 16
2058 2
2219 -13
2167 30
2193 9
2220 24
2113 15
2217 13
2184 21
2220 23
2165 -3
2169 7
2194 5
2100 26
2260 10
2245 3
2167 21
2150 21
2169 9
2189 17
2162 22
2259 22
2128 12
2140 2
2129 15
2126 2
2121 -5
2304 18
2130 6
2215 19
2255 20
2104 3
2319 27
2054 12
2161 -6
2198 -4
2209 26
2140 3
2212 8
2222 11
2170 20
2280 23
2110 18
2130 2
2245 2
2202 22
2241 15
2183 14
2151 14
2300 6
2061 26
2197 2
2289 28
2056 -4
2205 5
2146 22
2192 2
2279 20
2100 8
2224 1
2204 16
2192 2
2172 3
2188 1
2161 23
2201 -1
2177 3
2143 23
2250 7
2158 -3
2164 9
2199 14
2229 9
2288 31
2262 5
2176 21
2164 19
2271 9
2104 13
2151 1
2110 -1
2230 18
2186 20
2262 3
2308 26
2077 8
2204 1
2218 11
2128 13
2186 6
2150 7
2163 13
2220 12
2291 23
2105 1
2122 18
2120 -8
2170 10
2261 14
2156 25
2219 4
2097 7
2186 3
2269 9
2127 10
2124 13
2144 -3
2161 0
2221 4
2188 19
2274 26
2214 18
2197 15
2263 26
2085 6
1995 -14
1277 -34
1276 -35
1798 -30
2257 8
2224 21
2219 4
2227 34
2214 15
2213 20
2228 25
2290 29
2205 25
2281 27
2330 19
2141 6
2098 7
2212 9
2181 33
2325 7
2170 26
2122 12
2154 0
2144 7
2131 1
2226 4
2150 10
2181 14
2218 14
2166 13
2264 12
2086 -7
1692 0
1899 -27
2247 3
2256 26
2223 26
2156 18
2133 14
2137 7
2167 1
2227 -1
2185 16
2161 12
2151 0
2182 13
2141 14
2221 -2
2219 22
2192 11
2256 26
2158 17
2194 18
2197 13
2226 14
2186 22
2189 4
2191 25
2205 22
2175 -15
2171 20
2173 17
2182 2
2230 12
2296 28
2200 28
2209 29
2143 -8
2180 6
2156 8
2224 13
2176 18
2129 15
2184 5
2223 30
2091 11
2206 26
2104 3
2158 0
2185 -2
2147 14
2202 1
2281 12
2199 39
2132 1
2239 18
2202 16
2108 18
2163 -6
2199 2
2235 23
2178 0
2195 23
2114 4
2204 7
2240 24
2147 6
2178 16
2226 5
2110 18
2194 6
2224 26
2135 14
2251 25
2187 28
2202 3
2106 0
2152 6
2143 10
2311 25
2127 14
2195 -2
2194 21
2202 1
2166 8
2136 4
2240 24
2236 18
2143 16
2189 23
2175 14
2188 3
2145 9
2207 20
2059 2
2232 28
2161 18
2172 12
2118 0
2180 23
2168 -4
2189 36
2148 -5
2199 12
2244 20
2237 22
2177 10
2262 21
2175 22
2093 -17
2192 8
2181 5
2191 4
2101 5
1782 -21
2214 2
2248 8
2169 26
2219 5
2268 33
2136 9
2144 26
2268 2
2220 18
2139 20
2147 11
2204 8
2255 26
2094 15
2160 19
2265 22
2158 20
2053 -1
2168 10
2170 7
2199 4
2198 25
2164 9
2201 2
2207 5
2210 22
2141 21
2273 -4
2220 24
2163 17
2189 25
2225 0
2114 17
2240 9
2119 23
2144 -7
2163 0
2241 7
2211 19
2264 18
2098 8
2222 15
2155 2
2203 27
2191 4
2220 12
2122 22
2164 -1
2208 9
2182 10
2225 27
2272 26
2112 13
2235 9
2197 23
2096 7
2146 6
2150 4
2189 4
2144 -4
2235 9
2184 26
2216 29
2182 -2
2294 16
2157 17
2171 23
2116 1
2170 17
2226 8
2125 7
2259 16
2172 15
2229 1
2181 17
2217 22
2201 2
2164 21
2233 1
2259 29
2296 23
2137 16
2238 28
1997 4
2204 -2
2175 0
2188 24
2279 15
2221 3
2229 21
2231 26
2099 -5
2242 7
2136 8
2066 0
2228 -2
2225 14
2172 3
2146 8
2258 -1
2248 14
2199 18
2161 15
2225 21
2249 7
2291 20
2163 29
2230 14
2009 14
2336 2
2104 18
2229 12
2127 15
2174 0
2127 17
2135 0
2228 3
2199 10
2188 33
2134 -2
2183 3
2236 29
2306 18
2151 23
2318 11
1968 10
2182 -1
2215 29
2242 9
2276 26
2164 23
2203 4
2186 26
2231 2
2096 16
2280 13
2067 18
2133 9
2247 6
2128 24
2120 21
2152 0
2280 6
2184 34
2157 0
2270 11
2219 9
2092 7
2295 5
2138 15
2235 24
2348 13
2133 11
2084 -1
2136 -7
2215 0
2228 12
2207 13
2140 7
2200 22
2239 7
2192 24
2099 0
2230 3
2186 7
2320 23
2230 2
2199 18
2283 39
2152 -4
2256 5
2122 23
2201 22
2065 -14
2231 15
2186 6
2170 17
2164 8
2214 24
2185 1
2241 35
2342 5
2168 18
2265 22
2099 10
2299 19
2003 2
2151 -11
2321 23
2199 11
2206 17
2254 23
2162 30
2141 -6
2122 20
2154 7
2078 4
2216 -1
2212 18
2129 23
2303 7
2085 3
2229 30
2349 15
2118 2
2172 13
2216 9
2105 4
2169 -4
2205 0
2264 19
2220 24
2180 11
2211 31
2111 2
2188 24
2156 -15
2223 15
2204 15
2190 10
2307 19
2086 20
2136 1
2196 -4
2218 3
2195 0
2279 22
2312 37
2130 18
2192 15
2083 -2
2217 7
2223 21
2112 12
2185 2
2214 29
2219 20
2298 22
2005 13
2322 26
2105 17
2040 2
2335 9
2106 4
2205 10
2202 13
2060 11
2273 -2
2159 18
2313 27
2226 20
1986 2
2207 9
2179 -1
2206 4
2148 10
2201 6
2196 15
2143 19
2154 5
2216 10
2120 39
2209 -13
2202 25
2178 0
2291 24
2166 20
2198 7
2235 -1
2187 30
2187 17
2101 22
2216 -18
2242 32
2186 0
2175 11
2152 -6
2174 6
2194 2
2275 26
2107 19
2222 -7
2156 11
2276 20
2225 11
2102 -3
2221 -1
2148 3
2226 1
2178 12
2256 15
2241 10
2146 7
2234 27
2152 24
2220 3
2147 20
2238 16
2086 19
2356 17
2102 7
2153 3
2156 -5
2249 19
2056 0
2239 3
2171 11
2178 7
2190 3
2153 10
2189 -1
2188 3
2228 11
2124 9
2211 15
2207 28
2308 15
2054 15
2214 0
2268 11
2196 18
2196 26
2234 22
2086 1
2294 21
2127 12
2065 0
2135 2
2144 -2
2114 5
2175 0
2122 2
2267 3
2198 5
2155 6
2211 13
2217 10
2193 21
2203 10
2175 9
2174 2
2191 8
2264 30
2334 27
2062 17
2114 21
2197 11
2167 -6
2274 6
2222 9
2221 10
2250 23
2134 18
2160 -5
2190 21
2145 1
2147 -5
2240 2
2196 9
2249 12
2179 19
2169 6
2139 9
2087 1
2163 0
2075 -7
2212 3
2238 9
2225 5
2237 22
2154 17
2150 16
2245 10
2156 15
2254 14
2103 5
2188 15
2190 17
2185 11
2145 3
2206 0
2240 6
2222 30
2155 8
2154 5
2209 26
2168 4
2202 10
2191 30
2226 2
2126 5
2221 8
2192 13
2215 2
2238 26
2116 1
2139 -4
2263 12
2182 0
2169 26
2176 0
2197 19
2172 10
2195 21
2186 24
2145 -3
2145 9
2145 0
2179 -1
2223 10
2210 12
2211 27
2192 -1
2224 12
2229 23
2186 12
2209 5
2206 20
2198 15
2160 7
2124 4
2220 6
2210 26
2126 28
2150 -6
2203 2
2246 11
2179 19
2188 13
2091 -11
2203 13
2221 16
2161 11
2309 7
2187 27
2299 17
2065 17
2241 11
2169 17
2272 11
2221 19
2251 20
2181 15
2145 5
2227 10
2207 19
2131 -4
2227 11
2241 13
2206 18
2128 15
2176 13
2317 18
2119 16
2162 20
2193 -3
2233 23
2204 17
2180 10
2127 22
2194 21
2165 4
2132 27
2175 0
2150 -3
2189 5
2181 2
2222 1
2211 30
2240 11
2206 10
2204 27
2163 3
2243 23
2172 8
2118 8
2216 5
2169 6
2279 27
2204 28
2246 11
2044 16
2164 11
2061 -1
2227 8
2203 11
2172 16
2213 13
2206 26
2181 3
2211 24
2205 -2
2212 5
2233 22
2192 11
2191 10
2224 31
2244 5
2126 21
2176 7
2220 2
2154 9
2207 6
2203 0
2226 25
2211 9
2138 16
2229 36
2124 -11
2241 9
2209 11
2153 4
2184 10
2291 -9
2214 24
2168 32
2257 8
2151 7
2294 19
2247 25
2085 19
2189 -3
2139 0
2288 3
2218 32
2128 -2
2192 4
2230 14
2192 14
2156 12
2207 13
2208 3
2221 13
2254 10
2255 27
2195 26
2091 24
2206 -8
2318 25
2139 8
2268 13
2273 20
2045 4
2151 0
2186 9
2148 -5
2194 22
2199 18
2208 -2
2203 31
2244 -2
2145 21
2135 2
2169 -6
2241 11
2235 22
2189 14
2198 29
2179 15
2211 10
2174 7
2239 17
2045 10
2247 4
2176 11
2217 26
2205 17
2064 17
2204 -9
2222 20
2203 19
2248 5
2182 22
2218 4
2251 7
2158 16
2189 12
2260 4
2260 20
2118 6
2194 19
2229 23
2138 -7
2257 13
2143 18
2252 23
2149 12
2222 4
2314 14
2169 27
2123 5
2175 0
2286 14
2184 9
2239 24
2175 21
2183 11
2283 29
2173 -5
2257 10
2190 19
2128 15
2117 3
2133 -1
2210 -3
2255 28
2183 25
2257 9
2274 25
2092 22
2222 -1
2202 15
2176 24
2120 -4
2265 8
2136 19
2162 15
2246 25
2208 8
2185 18
2301 13
2023 7
2258 13
2197 7
2231 11
2146 20
2210 21
2145 6
2133 4
2178 13
2217 6
2183 10
2247 17
2190 33
2218 16
2179 -1
2216 26
2158 0
2141 2
2247 15
2208 13
2162 28
2149 -19
2268 26
2128 17
2135 -2
2216 -3
2253 20
2241 16
2219 23
2264 29
2149 24
2191 20
2075 -13
2228 28
2131 -11
2207 14
2177 -3
2213 5
2204 15
2209 10
2109 33
2161 -9
2200 6
2176 20
2136 20
2162 7
2182 29
2281 4
2122 20
2218 9
2212 14
2233 7
2019 11
2107 6
2191 13
2188 12
2176 -4
2178 12
2278 13
2199 24
2282 9
2138 20
2260 16
2178 9
2148 6
2246 21
2238 22
2115 0
2230 15
2151 15
2145 12
2267 12
2120 27
2257 0
2194 15
2117 5
2234 -10
2195 10
2177 15
2199 10
2199 18
2255 21
2131 16
2218 0
2206 19
2215 5
2231 9
2171 7
2172 11
2217 13
2196 4
2162 27
2168 5
2185 -2
2314 25
2208 9
2143 21
2219 11
2225 17
2136 7
2058 12
2237 -5
2236 19
2193 13
2127 20
2267 12
2273 22
2205 23
2153 12
2088 14
2273 11
2234 7
2026 -3
2314 20
2183 18
2209 27
2197 15
2363 24
2039 15
2194 -6
2166 2
2180 23
2177 -18
2223 28
2230 21
2198 0
2240 11
2171 15
2196 23
2183 8
2235 8
2225 15
2282 13
2013 20
2162 -10
2191 11
2245 31
2156 -6
2214 31
2182 -11
2213 18
2195 9
2139 12
2244 23
2100 5
2202 2
2201 7
2164 5
2161 11
2307 13
2167 17
2119 20
2348 9
2058 21
2198 30
2296 9
2117 5
2261 26
2087 -10
2224 5
2098 7
2237 13
2245 26
2282 12
2122 17
2145 0
2171 3
2251 19
2136 13
2252 4
2209 27
2180 8
2291 17
2282 18
2029 5
2246 15
2122 1
2193 0
2239 0
2190 3
2225 24
2185 13
2256 19
2220 20
2176 5
2197 15
2180 9
2232 27
2302 -2
2278 22
2172 23
2194 23
2102 -16
2249 27
2207 2
2097 16
2247 -6
2236 26
2094 3
2135 0
2192 6
2202 4
2204 6
2205 13
2204 3
2244 4
2106 15
2193 13
2127 14
2218 -2
2208 21
2243 6
2279 24
2246 22
2216 23
2240 4
2160 16
2207 32
2272 -8
2125 16
2325 1
2181 17
2230 3
2126 9
2135 -4
2291 4
2195 16
2081 2
2170 -2
2220 1
2177 -2
2144 1
2221 5
2287 14
2174 36
2239 8
2189 25
1476 -8
2007 -28
2376 23
2240 29
2289 29
2100 7
2161 6
2226 6
2092 8
2265 17
2202 17
2086 14
2152 22
2333 -11
2241 39
2189 -4
2176 28
2137 -9
2151 9
2211 -2
2234 4
2227 16
2196 29
2241 -8
2214 24
2204 -5
2182 6
2151 2
2196 8
2183 17
2121 -7
2273 2
2268 26
2186 10
2215 18
2099 2
2278 8
2264 21
2197 13
2168 18
2184 8
2192 20
2144 10
2260 11
2210 7
2215 14
2111 -10
2195 19
2258 13
2198 7
2129 11
2212 5
2190 12
2215 7
2245 15
2211 20
2181 38
2164 4
2169 7
2158 -5
2197 7
2221 19
2196 20
2233 25
2228 4
2240 12
2297 34
2122 0
2108 7
2225 3
2143 15
2176 5
2155 13
2163 7
2187 5
2181 12
2243 11
2126 3
2255 7
2170 7
2171 3
2187 -1
2206 3
2213 24
2133 6
2139 3
2197 4
2216 28
2211 0
2174 12
2155 15
2229 4
2176 16
2282 9
2149 13
2231 26
2184 6
2232 24
2185 22
2202 3
2202 20
2110 0
2210 0
2189 20
2223 5
2144 1
2268 8
2197 38
2195 -1
2189 17
2151 13
2225 4
2238 28
2166 16
2213 4
2230 27
2190 27
2213 33
2132 8
2287 22
2234 11
2106 22
2071 -17
2213 4
2236 15
2167 2
2189 32
2235 16
2155 26
2187 0
2189 4
2189 16
2173 12
2329 19
2147 3
2162 4
2200 14
2205 7
2177 17
2245 3
2198 10
2321 13
2132 12
2120 2
2217 3
2201 11
2213 0
2199 4
2225 10
2200 8
2191 17
2203 9
2244 22
2135 6
2104 5
2206 19
2254 14
2215 26
2243 14
2241 24
2143 14
2115 23
2127 0
2157 1
2151 6
2227 8
2249 19
2280 17
2319 24
2135 22
2122 5
2197 10
2121 13
2222 4
2297 25
2167 17
2050 8
2241 5
2194 19
2153 24
2121 7
2244 -6
2188 27
2214 -5
2135 -7
2212 40
2161 -3
2241 27
2167 22
2183 16
2249 8
2179 3
2145 4
2243 14
2287 25
2126 5
2173 2
2238 1
2154 19
2217 13
2209 22
2319 23
2125 2
2217 18
2196 9
2135 8
2215 19
2192 9
2238 24
2146 8
2226 13
2152 7
2230 27
2193 18
2222 -2
2202 12
2179 -4
2209 7
2229 16
2210 11
2122 10
2188 10
2149 10
2201 4
2263 34
2205 1
2298 36
2057 4
2313 18
2113 -3
2258 21
2176 18
2185 26
2200 -7
2137 11
2272 -3
2216 13
2173 16
2206 22
2150 1
2227 5
2144 15
2227 11
2170 5
2170 21
2229 15
2195 16
2271 23
2039 0
2196 13
2256 4
2197 18
2292 11
2187 23
2139 26
2098 1
2208 -3
2177 14
2138 13
2197 0
2226 1
2215 14
2305 33
2250 13
2179 18
2113 9
2223 8
2196 16
2101 3
2197 0
2216 15
2184 14
2253 18
2233 15
2167 8
2196 20
2221 18
2165 19
2151 11
2191 0
2227 17
2129 -3
2262 1
2250 24
2135 9
2248 6
2172 15
2220 29
2192 4
2224 6
2224 34
2233 16
2147 6
2196 10
2124 16
2351 18
2046 1
2353 22
2032 11
2250 5
2121 19
2015 9
1631 -26
2289 -8
2281 32
2227 30
2147 25
2121 14
1526 16
1276 -35
2034 -21
2073 -4
2257 7
1502 4
1302 -32
1382 -34
1542 -29
1276 -30
1541 -26
1298 -31
1274 -36
1278 -34
1275 -34
1275 -34
1277 -34
1454 -34
1444 -32
1277 -35
1276 -35
1579 -34
1469 -30
1427 -32
1583 -29
1440 -22
1279 -43
1605 -24
1316 -28
1277 -39
1275 -30
1275 -34
1277 -36
1282 -34
1310 -33
1277 -35
1275 -34
1274 -33
1280 -35
1277 -34
1274 -32
1280 -34
1277 -36
1737 -25
1789 -11
2225 1
1600 -8
1274 -32
1903 -23
2340 30
2222 23
1498 -5
2028 5
1274 -29
1276 -35
1741 -34
2175 3
1564 -22
1685 -4
1506 -39
1518 -27
1824 3
1277 -39
1582 -23
1278 -38
1273 -35
1274 -32
1278 -34
1275 -34
1274 -36
1278 -34
1275 -33
1273 -34
2188 -14
1280 -27
1274 -27
1708 -26
1277 -34
1274 -36
1276 -33
1389 -33
1306 -34
1275 -31
1344 -34
1277 -38
1275 -33
1279 -34
1275 -34
1276 -35
1383 -33
1278 -35
1274 -37
1674 -20
1276 -40
1690 -21
1374 -30
1276 -35
1274 -37
1276 -32
1302 -33
2269 -8
1798 19
1587 -33
1360 -16
1274 -34
1349 -35
1711 -12
1724 -21
1423 -32
1745 -14
1474 -37
1736 -25
1783 3
1273 -33
1536 -34
1598 -18
1274 -35
2063 -13
1332 -26
1274 -26
1274 -35
1378 -33
2176 14
1676 -29
1282 -28
1276 -28
1480 -31
1631 -18
1275 -39
1274 -35
1275 -34
1276 -32
1375 -35
1276 -34
1277 -33
1276 -34
1293 -34
1280 -33
1274 -33
1274 -35
1279 -32
1329 -32
1552 -30
2154 -2
1277 -19
1274 -28
1543 -35
1647 -2
1274 -38
1277 -32
2118 -19
1998 22
1276 -31
1277 -31
1274 -34
1880 -21
1798 5
1275 -35
1446 -34
2203 9
1277 -19
1274 -31
2012 -6
1277 -28
1274 -35
1764 -21
1608 -20
1272 -28
1276 -34
1277 -34
1536 -25
1410 -34
1575 -29
1532 -9
1275 -37
1278 -30
1278 -35
1274 -33
1281 -33
1277 -36
1360 -33
1285 -34
1275 -35
1273 -33
1343 -32
1352 -35
1310 -36
1276 -32
1278 -33
1935 -13
1276 -33
1278 -36
1412 -35
1274 -33
1278 -34
1275 -34
1309 -34
2338 6
1860 11
1736 -19
2288 30
1631 -15
1773 8
1638 -34
1903 9
1467 -28
1446 -22
1278 -38
1715 -32
1793 -2
1567 -17
1347 -43
2103 3
1736 -25
1551 3
1275 -31
1665 -17
1276 -36
1275 -29
1747 -14
1481 -32
1273 -33
1276 -30
1277 -39
1276 -32
1465 -34
1313 -35
1276 -32
1275 -33
1277 -35
1275 -35
1350 -32
1456 -34
1414 -36
1274 -31
1276 -32
1940 -11
1708 -14
1594 -34
1552 -2
1431 -28
1276 -32
1294 -35
1275 -33
1276 -36
1285 -34
1282 -32
1275 -36
1334 -34
1275 -34
1472 -34
1491 -23
1288 -32
1618 -35
1570 -18
1955 10
1291 -40
2042 -18
1575 4
1638 -38
2385 28
1575 2
1338 -32
1465 -35
1275 -33
1368 -36
1278 -31
1278 -35
1364 -34
1464 -34
1443 -31
1276 -31
1346 -34
1463 -35
1277 -24
1273 -36
1276 -32
1367 -25
1522 -38
1415 -30
1278 -35
1328 -34
1276 -32
1400 -34
1278 -35
1313 -33
1278 -33
1275 -34
1275 -35
1279 -31
1284 -35
1275 -34
1285 -33
1288 -32
1325 -35
1278 -33
1318 -32
1516 -32
1274 -30
1279 -33
2117 -16
1276 -19
1278 -30
1276 -34
1680 -17
1278 -33
1277 -32
1333 -35
1345 -35
1630 -9
1270 -40
1303 -33
2226 3
1301 -22
1380 -37
1277 -32
1274 -35
1276 -35
1278 -31
1374 -34
1275 -30
1588 -25
1272 -35
1273 -34
1276 -35
1275 -34
1273 -32
1276 -35
1290 -35
1830 -9
1279 -36
1300 -29
1329 -35
1277 -36
1279 -33
1302 -33
1274 -36
1279 -33
1433 -27
1273 -33
1278 -33
1460 -34
2451 32
2376 33
2234 31
1341 -22
1273 -38
1273 -33
1270 -35
2206 -5
2372 34
1278 -24
1365 -32
1278 -31
1372 -35
1483 -33
1280 -30
2219 1
1358 -20
1349 -30
2161 22
1272 -34
1363 -37
1286 -35
1274 -33
1335 -33
1329 -35
1804 -11
1381 -38
1278 -31
1861 -7
1277 -37
1278 -28
1413 -32
1275 -34
1333 -36
1327 -25
1275 -41
1278 -31
1321 -31
1274 -38
1317 -32
1283 -33
1277 -36
1278 -35
1301 -34
1273 -35
1276 -35
1343 -32
1318 -33
1273 -35
1346 -33
1275 -33
1731 -18
1289 -29
1360 -25
1284 -37
1306 -33
1276 -37
1400 -32
1275 -33
1543 -35
1272 -27
1526 -33
1386 -35
2382 21
2308 27
1856 20
1275 -31
1279 -34
1398 -29
1499 -32
1322 -28
1274 -32
1271 -34
1701 -34
2400 32
2406 29
1852 22
1277 -32
1298 -35
1484 -34
1278 -34
1277 -34
1277 -34
1748 -11
1277 -36
1654 -29
1483 -18
1441 -25
1274 -32
1672 -28
1354 -18
1273 -29
1278 -33
1314 -36
1271 -32
1650 -33
2445 32
2436 28
2452 35
2472 32
2471 33
2464 35
2439 33
2354 25
2436 37
2017 27
1274 -28
1270 -30
1541 -21
1277 -33
1709 -29
1951 26
1278 -36
2329 11
2385 25
1477 3
2124 -7
1656 10
1685 -19
1490 -28
2044 -8
2394 35
1581 8
1272 -36
1277 -33
1277 -33
1274 -35
1276 -35
1340 -32
1276 -34
1287 -35
1422 -32
2433 21
1461 -7
1275 -31
2191 -10
1802 11
1279 -32
1407 -27
1297 -37
1301 -34
1308 -31
1343 -35
1592 -30
1276 -30
1284 -34
1298 -32
1278 -34
1609 -29
1274 -33
1329 -32
1394 -35
1376 -27
1321 -36
1351 -33
1586 -32
1676 -8
1273 -26
1600 -33
2435 32
2087 9
1978 25
1277 -32
1279 -33
1274 -37
1276 -32
1280 -33
1281 -35
1904 -27
2282 29
2388 21
2459 28
2470 34
2413 34
2411 34
2461 31
2427 35
2459 32
2408 33
2350 35
2398 30
2419 34
2437 36
2412 32
1456 -5
1280 -31
1655 -32
1274 -24
1393 -38
1328 -35
1296 -32
1289 -34
1286 -36
1399 -31
2089 10
1277 -37
1274 -37
1294 -32
1298 -35
1274 -33
1313 -34
1325 -35
1272 -35
1275 -31
1279 -34
1561 -25
1273 -33
1479 -23
1276 -44
1296 -30
1278 -31
1276 -34
2176 -5
1640 -5
1296 -31
1879 -17
1544 -8
1278 -31
1274 -33
1276 -33
1280 -35
1278 -33
1961 -10
2472 34
2460 31
2043 25
1656 -27
2425 32
1970 34
1278 -33
1276 -34
1274 -37
1276 -31
1277 -33
1877 -20
1510 -5
1501 -32
2457 28
2460 32
2432 32
2455 32
2209 36
2387 29
2454 31
1969 30
1698 -20
1837 -3
1368 -17
1276 -30
1728 -12
1276 -34
2068 -13
2317 36
2367 28
2334 34
2349 31
2204 31
1495 -11
1282 -24
1388 -40
1762 -2
1712 -19
1277 -26
1274 -38
1279 -34
1911 -14
2429 32
2457 34
1984 27
1272 -32
1274 -34
1386 -35
1277 -33
1807 -20
1889 -1
1286 -34
1355 -33
1277 -32
1275 -35
1582 -32
1427 -22
1276 -26
1277 -36
1689 -34
1384 -24
1271 -37
1322 -32
1810 -17
1332 -31
2039 -11
2340 34
2379 31
2252 33
2347 32
1495 7
1481 -40
2154 11
2232 28
2127 28
2238 29
2346 34
2420 34
2368 33
2385 34
2439 34
2289 24
2344 39
2393 34
2284 32
2414 30
2315 32
2392 35
2116 33
1758 -35
2461 47
2406 31
2320 36
2342 30
2411 35
1717 0
2378 21
2180 34
1820 -9
2346 26
2351 38
2416 32
2025 31
1503 -34
1337 -25
1521 -24
1316 -33
1434 -35
1671 -25
1802 -4
1519 -35
2317 31
2401 36
2370 32
2328 32
2336 35
2374 32
2285 33
2288 34
2244 27
2312 31
1731 9
1297 -34
1765 -8
2245 -3
2345 35
2434 32
2380 33
2363 36
1702 2
1273 -31
1684 -26
2259 21
2282 34
2442 30
2427 35
2353 34
1434 -23
2255 13
1397 -18
1319 -31
1276 -33
1781 -29
2327 38
2280 32
2147 34
1732 -26
2318 33
2386 34
2324 36
2391 30
2328 35
2390 34
2395 31
2425 34
2367 33
2460 33
2461 33
2460 34
2461 33
2417 31
2412 35
2389 34
2436 30
2379 36
2416 32
2013 29
1338 -31
1690 -30
2283 28
2356 28
2106 27
2060 6
2370 35
2347 36
1315 -11
2045 -17
2018 10
2357 42
2347 30
2294 30
2340 35
2324 33
2356 32
2353 35
2394 34
2358 31
2307 35
2373 32
2405 32
2427 35
2300 32
2355 32
2366 33
2365 35
2373 31
2409 34
2460 34
2451 32
2408 34
2398 34
1500 2
1863 -23
2385 32
2404 34
2097 32
1401 -30
1375 -35
1928 -11
2396 34
2391 31
2398 34
2402 32
2460 34
2461 34
2416 32
2364 34
2383 34
2380 28
2391 37
2403 30
2404 34
2450 36
2460 32
2459 32
2447 36
2402 32
2449 33
2457 35
2456 33
2456 32
2426 35
2456 34
2456 32
2455 34
2454 34
2411 32
2399 35
2431 34
2455 31
2433 34
2396 35
1332 -21
1615 -27
2445 30
2213 23
2365 40
1491 -24
2347 30
2446 37
1693 13
1273 -37
1275 -32
1277 -35
1831 -30
1559 -26
2033 14
2200 5
2359 28
2457 32
2440 35
2430 33
2408 33
2411 34
2445 34
2399 34
2387 32
2404 35
2387 35
2418 34
2410 36
2445 34
2444 33
2393 34
2390 35
2432 31
2440 35
2387 34
1750 10
1274 -31
1272 -34
1276 -32
1276 -33
1273 -35
1275 -35
1278 -34
1273 -35
1313 -32
1277 -33
1430 -35
1275 -31
1277 -34
1398 -35
1271 -34
1456 -34
2269 7
2329 34
2405 33
2344 32
2350 30
2194 34
1478 2
1964 -18
2336 33
2360 29
2397 35
2372 36
2383 34
2366 34
2411 35
2453 32
2458 33
2457 35
2021 15
2367 28
2174 19
2454 30
2392 34
2360 35
2404 33
2399 32
2424 35
2391 33
1790 -2
2452 33
1854 13
1346 -35
1599 -14
1616 -22
1276 -33
1275 -35
1274 -33
1833 -20
1553 -4
1333 -29
1817 -22
1979 1
1301 -26
1924 -9
1766 -21
2258 30
2027 11
1817 23
1757 -25
2062 11
1713 1
2213 4
1901 9
2312 18
2338 47
2314 27
2290 34
2334 36
2334 32
2156 31
1279 -23
1616 -25
2414 30
2309 35
1599 -9
2384 28
1922 21
2264 15
1910 18
1518 -26
2443 28
2454 31
2416 33
1942 1
2405 37
2406 33
2411 34
1846 1
2399 30
2379 34
2385 32
1657 -1
2326 21
1781 14
1275 -34
2212 3
1892 16
1271 -35
1274 -29
2147 -16
1345 -7
1832 -1
1955 -21
1326 -12
1481 -46
1733 -6
2346 18
2207 30
1937 4
2277 31
1603 -5
2261 24
2038 -3
2288 30
1891 21
1286 -26
1323 -34
2063 -12
1387 -14
1646 -18
1436 -32
1869 -17
1838 5
2109 8
2414 29
2340 35
2371 34
2371 31
2014 31
1927 -6
2075 1
2343 39
2377 30
2397 34
2396 31
2403 34
2154 35
1635 -25
2451 29
2453 31
2435 34
1327 -13
2019 -7
2415 35
1544 -4
1988 -11
2454 35
1659 12
1914 -12
2190 19
1872 22
1403 -32
1999 16
1403 -39
2318 19
2245 26
2247 25
2297 34
2424 32
2330 35
1923 26
2218 7
2316 34
2363 34
2365 32
1846 28
1955 7
1741 -28
2324 36
2363 30
2123 34
1550 -27
2072 10
1974 32
1979 -16
2353 30
1501 -1
1370 -34
2223 4
1280 -20
1325 -33
1389 -34
1280 -31
1276 -37
1278 -33
1640 -30
2359 19
2397 30
2400 32
1737 13